97	180	0.0108696
98	179	0.00404858
100	176	0.00363636
103	171	0.00235849
105	167	0.00332226
106	165	0.00851064
108	163	0.00564972
109	166	0.0125
110	158	0.0238095
110	161	0.00925926
110	165	0.0243902
111	161	0.00740741
111	162	0.00990099
111	164	0.025
112	158	0.0135135
112	161	0.0273973
113	152	0.015625
113	159	0.03125
113	160	0.0204082
114	154	0.0181818
114	157	0.0217391
114	159	0.0217391
115	148	0.00540541
115	152	0.0933333
115	154	0.030303
115	156	0.0232558
115	159	0.0952381
116	158	0.0625
117	142	0.00198807
117	146	0.00558659
117	149	0.0125
117	151	0.0227273
117	154	0.0333333
118	145	0.0035461
118	150	0.015625
119	116	0.0204082
119	130	0.0142857
119	146	0.00578035
119	148	0.00900901
119	150	0.0153846
119	154	0.0571429
120	116	0.0166667
120	120	0.0238095
120	143	0.00129534
120	144	0.00292398
120	145	0.00421941
120	147	0.00840336
120	148	0.010101
120	149	0.0322581
121	124	0.025
121	130	0.00647249
121	133	0.000345781
121	138	0.000598086
121	145	0.0046729
121	147	0.00657895
121	149	0.02
121	152	0.0238095
121	153	0.0172414
122	127	0.0180723
122	128	0.00387597
122	130	0.00126263
122	137	0.000140706
122	138	0.000254001
122	140	0.000704722
122	141	0.00264085
122	142	0.000772798
122	145	0.00408163
122	146	0.00499376
122	150	0.0123457
122	151	0.0133333
123	126	0.00288184
123	127	0.00225225
123	129	0.00118483
123	132	0.000513611
123	134	0.000247036
123	135	0.00023912
123	137	0.000353607
123	138	0.00092081
123	139	0.00138122
123	142	0.0044843
123	143	0.00653595
123	144	0.0334448
123	149	0.0128205
124	126	0.00453172
124	127	0.00447227
124	128	0.00222346
124	129	0.00180914
124	130	0.000705882
124	132	0.000418673
124	133	0.000148192
124	134	0.00011919
124	135	0.00020517
124	136	0.000193274
124	137	0.000668896
124	139	0.00181488
124	140	0.00137552
124	141	0.0192982
124	143	0.00626959
124	144	0.00757576
124	150	0.00806452
125	122	0.00473934
125	125	0.00135135
125	126	0.000713776
125	127	0.0052682
125	128	0.00198334
125	129	0.000708015
125	130	0.000122805
125	131	8.17728e-05
125	134	0.000213242
125	135	0.000357462
125	136	0.000596659
125	138	0.00808407
125	139	0.00492005
125	141	0.002079
125	147	0.00595238
125	151	0.00675676
126	116	0.0125
126	118	0.0113636
126	125	0.00166113
126	126	0.00131648
126	127	0.000966028
126	128	0.000275862
126	129	0.0013791
126	130	0.000104998
126	131	0.000170794
126	132	0.000270051
126	133	0.000212258
126	134	0.000141603
126	135	0.000531915
126	137	0.0014245
126	138	0.00118483
126	139	0.00502513
126	140	0.0040568
126	141	0.00257732
126	142	0.00301205
126	144	0.00414938
126	146	0.00671141
126	147	0.00621118
127	125	0.00115022
127	126	0.00169761
127	127	0.000831328
127	128	0.000821753
127	129	0.000694942
127	130	0.000112042
127	131	9.72905e-05
127	133	0.00042889
127	134	0.000972763
127	135	0.00128977
127	137	0.0031746
127	138	0.00289855
127	139	0.00199601
127	140	0.00217865
127	143	0.00480769
127	144	0.00952381
127	145	0.0070922
128	118	0.0049505
128	120	0.00161551
128	123	0.000959693
128	124	0.000403714
128	125	0.000292997
128	126	0.000824494
128	127	0.000309172
128	128	0.000385786
128	129	0.000184132
128	130	0.00021427
128	131	0.00025422
128	132	0.000737619
128	133	0.000990344
128	135	0.00273673
128	136	0.00651163
128	137	0.0104849
128	138	0.00504202
128	139	0.00518135
128	140	0.00327869
128	141	0.0170068
128	143	0.00555556
128	144	0.00520833
128	145	0.0197368
128	146	0.0130719
128	147	0.0285714
129	120	0.0017138
129	121	0.000827472
129	122	0.000933489
129	123	0.000732386
129	124	0.00111468
129	125	0.000634423
129	126	0.00129322
129	127	0.000568405
129	128	0.000708379
129	129	0.00337307
129	130	0.00119467
129	131	0.000782473
129	132	0.00208044
129	133	0.00148148
129	134	0.00250313
129	135	0.00362319
129	136	0.002
129	137	0.00817439
129	138	0.00754717
129	140	0.00617284
129	142	0.00628931
129	146	0.0149254
129	147	0.0128205
130	119	0.00287356
130	120	0.00112108
130	121	0.000320718
130	122	0.000314614
130	123	0.00092147
130	124	0.000390202
130	125	0.000506656
130	126	0.000716708
130	127	0.000918807
130	128	0.000936145
130	129	0.00185706
130	130	0.00272272
130	131	0.00203478
130	132	0.00103699
130	133	0.00165107
130	134	0.010919
130	135	0.00505902
130	136	0.00757576
130	137	0.003125
130	138	0.030303
130	139	0.0514286
130	140	0.00990099
130	141	0.010989
130	142	0.0121951
130	152	0.030303
131	110	0.030303
131	117	0.0011655
131	119	0.00226843
131	120	0.000445236
131	121	0.000337427
131	122	0.000378154
131	123	0.00116936
131	124	0.000901031
131	125	0.000605434
131	126	0.0025315
131	127	0.00237884
131	128	0.00186005
131	129	0.00209644
131	130	0.00357696
131	131	0.00765576
131	132	0.00468506
131	133	0.00188561
131	134	0.00682128
131	135	0.0107066
131	136	0.0205128
131	137	0.0218978
131	138	0.0315789
131	139	0.0153846
131	140	0.0454545
131	142	0.0212766
131	146	0.0222222
131	150	0.0434783
132	116	0.00260417
132	117	0.00340716
132	118	0.00491159
132	119	0.00267666
132	120	0.00151423
132	121	0.00291093
132	122	0.00312141
132	123	0.00303298
132	124	0.0021928
132	125	0.00618238
132	126	0.00473439
132	127	0.00652421
132	128	0.00635369
132	129	0.00952973
132	130	0.00591383
132	131	0.00604651
132	132	0.00625489
132	133	0.0033557
132	134	0.0116732
132	135	0.00636943
132	136	0.0267857
132	137	0.0140845
132	138	0.0277778
132	139	0.047619
133	110	0.00806452
133	111	0.00398406
133	113	0.00230947
133	114	0.00224215
133	116	0.00215054
133	117	0.00134409
133	118	0.00108225
133	119	0.00127779
133	120	0.00163162
133	121	0.000917832
133	122	0.00177924
133	123	0.00471649
133	124	0.00310193
133	125	0.00520419
133	126	0.00855622
133	127	0.0163934
133	128	0.00528455
133	129	0.00756173
133	130	0.00496213
133	131	0.00394265
133	132	0.0108206
133	133	0.00518135
133	134	0.00204082
133	135	0.013245
133	136	0.0564516
133	137	0.0166667
133	138	0.0294118
133	140	0.0322581
134	111	0.00735294
134	112	0.00584795
134	113	0.00502513
134	114	0.00308642
134	115	0.00773196
134	116	0.00131752
134	117	0.00533689
134	118	0.00508992
134	119	0.00273159
134	120	0.00174825
134	121	0.00269308
134	122	0.00869336
134	123	0.015645
134	124	0.0113651
134	125	0.0348791
134	126	0.0199058
134	127	0.0238707
134	128	0.00806163
134	129	0.00687856
134	130	0.00482094
134	131	0.00415924
134	132	0.0115274
134	133	0.00383142
134	134	0.00464037
134	135	0.0070922
134	139	0.0434783
134	140	0.0454545
134	142	0.04
134	143	0.130435
135	109	0.010101
135	113	0.00793651
135	114	0.00777202
135	115	0.00546448
135	116	0.00819672
135	117	0.00507872
135	118	0.00555556
135	119	0.00275577
135	120	0.006798
135	121	0.00620135
135	122	0.0168372
135	123	0.0265768
135	124	0.0285238
135	125	0.0780644
135	126	0.0521419
135	127	0.0199129
135	128	0.0109862
135	129	0.0121348
135	130	0.00987842
135	131	0.00449102
135	132	0.0103306
135	133	0.00500626
135	134	0.00860215
135	135	0.00892857
135	136	0.0232558
135	137	0.0322581
135	138	0.037037
135	140	0.111111
135	143	0.0666667
135	144	0.05
136	89	0.0666667
136	99	0.030303
136	105	0.0103093
136	111	0.00537634
136	112	0.003663
136	113	0.00689655
136	114	0.00858369
136	115	0.0040107
136	116	0.00892857
136	117	0.00887574
136	118	0.011498
136	119	0.00866196
136	120	0.0113796
136	121	0.0258649
136	122	0.0296221
136	123	0.046638
136	124	0.0337662
136	125	0.0659574
136	126	0.0337131
136	127	0.0257787
136	128	0.020728
136	129	0.0102925
136	130	0.00468384
136	131	0.00775946
136	132	0.00258398
136	133	0.00834725
136	134	0.0121951
136	135	0.0108696
136	136	0.0625
136	137	0.0357143
136	139	0.0454545
137	100	0.0222222
137	109	0.00465116
137	111	0.00353357
137	112	0.00477327
137	113	0.00434783
137	114	0.0130112
137	115	0.015025
137	116	0.0111458
137	117	0.0192208
137	118	0.034
137	119	0.0487145
137	120	0.0419248
137	121	0.0530561
137	122	0.0539727
137	123	0.0609234
137	124	0.030399
137	125	0.0368098
137	126	0.0342156
137	127	0.063562
137	128	0.0278746
137	129	0.0171821
137	130	0.00944669
137	131	0.0174927
137	132	0.0243902
137	133	0.0115207
137	134	0.0810811
137	135	0.0338983
137	136	0.0454545
137	137	0.15
138	88	0.1
138	95	0.0666667
138	106	0.011236
138	107	0.0186335
138	110	0.00330033
138	111	0.0186916
138	112	0.00460829
138	113	0.0327586
138	114	0.039239
138	115	0.0271903
138	116	0.0463472
138	117	0.070197
138	118	0.0739755
138	119	0.139374
138	120	0.0895314
138	121	0.113655
138	122	0.0770204
138	123	0.0782272
138	124	0.03137
138	125	0.108911
138	126	0.0712644
138	127	0.0523322
138	128	0.0429799
138	129	0.0210896
138	130	0.018595
138	131	0.0433213
138	132	0.0384615
138	133	0.027027
138	134	0.0136986
138	135	0.0606061
138	137	0.0588235
138	138	0.0666667
139	96	0.0416667
139	99	0.0322581
139	103	0.00625
139	105	0.0042735
139	107	0.0173611
139	108	0.00512821
139	109	0.0052356
139	110	0.0144033
139	111	0.0210728
139	112	0.0476974
139	113	0.0531469
139	114	0.0625
139	115	0.0976864
139	116	0.0977979
139	117	0.407732
139	118	0.240818
139	119	0.371891
139	120	0.228362
139	121	0.148792
139	122	0.158753
139	123	0.114617
139	124	0.0612028
139	125	0.149482
139	126	0.0669935
139	127	0.0581395
139	128	0.040404
139	129	0.0208333
139	130	0.015748
139	131	0.0406977
139	132	0.0243902
139	134	0.140351
139	135	0.030303
140	93	0.2
140	102	0.0115607
140	103	0.00549451
140	105	0.00253165
140	106	0.0125
140	107	0.0135747
140	108	0.0059761
140	109	0.0288066
140	110	0.0196078
140	111	0.0323552
140	112	0.0475698
140	113	0.12978
140	114	0.148744
140	115	0.180264
140	116	0.308411
140	117	0.56413
140	118	0.303319
140	119	0.311089
140	120	0.22769
140	121	0.191149
140	122	0.128691
140	123	0.153168
140	124	0.0861383
140	125	0.132245
140	126	0.0673339
140	127	0.104
140	128	0.0563798
140	129	0.0314685
140	130	0.0366492
140	131	0.0461538
140	132	0.0352941
140	133	0.025974
140	135	0.0416667
141	100	0.00970874
141	101	0.00452489
141	102	0.00395257
141	106	0.0144509
141	107	0.0152672
141	108	0.0364078
141	109	0.0708661
141	110	0.0776256
141	111	0.0690691
141	112	0.122829
141	113	0.20098
141	114	0.189382
141	115	0.255727
141	116	0.279382
141	117	0.337196
141	118	0.314836
141	119	0.323761
141	120	0.252881
141	121	0.244949
141	122	0.209896
141	123	0.184067
141	124	0.133028
141	125	0.218891
141	126	0.0902439
141	127	0.0955711
141	128	0.0647773
141	129	0.0271739
141	130	0.057971
141	131	0.0412371
141	132	0.0151515
142	93	0.025641
142	98	0.0123457
142	99	0.00833333
142	103	0.00468384
142	104	0.00330579
142	105	0.00181818
142	106	0.0060024
142	107	0.0328515
142	108	0.0503067
142	109	0.0880579
142	110	0.0875502
142	111	0.135052
142	112	0.249567
142	113	0.323197
142	114	0.389231
142	115	0.416638
142	116	0.462108
142	117	0.459638
142	118	0.415741
142	119	0.40724
142	120	0.342356
142	121	0.232069
142	122	0.178039
142	123	0.234623
142	124	0.15853
142	125	0.228986
142	126	0.0988836
142	127	0.0943396
142	128	0.0918367
142	129	0.0742857
142	130	0.0222222
142	131	0.0617284
143	94	0.025
143	98	0.00869565
143	99	0.00540541
143	102	0.00367647
143	103	0.00610998
143	104	0.0189003
143	105	0.0225225
143	106	0.0290276
143	107	0.0433839
143	108	0.0834473
143	109	0.109056
143	110	0.092803
143	111	0.271262
143	112	0.408858
143	113	0.434534
143	114	0.410474
143	115	0.45252
143	116	0.409044
143	117	0.451817
143	118	0.41645
143	119	0.407101
143	120	0.378333
143	121	0.220482
143	122	0.152817
143	123	0.192873
143	124	0.218474
143	125	0.244186
143	126	0.109057
143	127	0.106838
143	128	0.150602
143	129	0.0555556
143	130	0.0350877
144	98	0.00326797
144	100	0.00192308
144	101	0.00126904
144	102	0.00521739
144	103	0.00961538
144	104	0.0162602
144	105	0.0308219
144	106	0.0238095
144	107	0.0217481
144	108	0.0771812
144	109	0.152374
144	110	0.249718
144	111	0.499038
144	112	0.486091
144	113	0.519713
144	114	0.488769
144	115	0.515836
144	116	0.535529
144	117	0.555751
144	118	0.457936
144	119	0.419976
144	120	0.290569
144	121	0.167538
144	122	0.254787
144	123	0.306245
144	124	0.261161
144	125	0.26431
144	126	0.145833
144	127	0.238095
144	128	0.0967742
144	129	0.0641026
144	130	0.0405405
145	95	0.0046729
145	98	0.00529101
145	100	0.00149254
145	101	0.00230947
145	102	0.00771775
145	103	0.0117899
145	104	0.025641
145	105	0.0516129
145	106	0.0342357
145	107	0.127413
145	108	0.129551
145	109	0.264029
145	110	0.379957
145	111	0.496431
145	112	0.588802
145	113	0.574337
145	114	0.523868
145	115	0.563568
145	116	0.597947
145	117	0.55111
145	118	0.408322
145	119	0.378921
145	120	0.249182
145	121	0.211013
145	122	0.30684
145	123	0.303811
145	124	0.318991
145	125	0.290393
145	126	0.201005
145	127	0.185714
145	128	0.047619
145	129	0.0307692
145	131	0.0555556
146	95	0.0175439
146	97	0.00813008
146	100	0.00234467
146	101	0.0141921
146	102	0.00523013
146	103	0.0123967
146	104	0.00843712
146	105	0.047205
146	106	0.0310345
146	107	0.0830565
146	108	0.242023
146	109	0.436126
146	110	0.508828
146	111	0.506477
146	112	0.48859
146	113	0.515637
146	114	0.542081
146	115	0.609366
146	116	0.570056
146	117	0.427292
146	118	0.427827
146	119	0.359923
146	120	0.27517
146	121	0.314696
146	122	0.330328
146	123	0.349614
146	124	0.391176
146	125	0.453975
146	126	0.429032
146	127	0.126582
146	128	0.0416667
146	129	0.0217391
146	131	0.05
147	89	0.2
147	96	0.0212766
147	97	0.0153846
147	99	0.010453
147	100	0.00957854
147	101	0.0153226
147	102	0.0614657
147	103	0.113757
147	104	0.0539054
147	105	0.113671
147	106	0.0856164
147	107	0.220143
147	108	0.417351
147	109	0.535948
147	110	0.628525
147	111	0.608347
147	112	0.51013
147	113	0.597918
147	114	0.54565
147	115	0.556676
147	116	0.364781
147	117	0.316588
147	118	0.393982
147	119	0.2322
147	120	0.394925
147	121	0.39257
147	122	0.302074
147	123	0.408895
147	124	0.471642
147	125	0.433414
147	126	0.338926
147	127	0.0530973
147	128	0.0153846
147	129	0.0294118
147	130	0.030303
148	96	0.0357143
148	97	0.0508475
148	98	0.00884956
148	99	0.0143541
148	100	0.0315789
148	101	0.0137421
148	102	0.0211268
148	103	0.0345745
148	104	0.0266864
148	105	0.100636
148	106	0.107604
148	107	0.265942
148	108	0.438177
148	109	0.34676
148	110	0.60044
148	111	0.601603
148	112	0.577881
148	113	0.614552
148	114	0.50667
148	115	0.413755
148	116	0.336183
148	117	0.359608
148	118	0.371967
148	119	0.290792
148	120	0.417368
148	121	0.440762
148	122	0.313142
148	123	0.431095
148	124	0.418312
148	125	0.414458
148	126	0.351852
148	127	0.0652174
148	129	0.0166667
149	96	0.0491803
149	97	0.0238095
149	98	0.0779221
149	99	0.084507
149	100	0.105263
149	101	0.0789474
149	102	0.0429185
149	103	0.0210918
149	104	0.0323985
149	105	0.0859107
149	106	0.0855638
149	107	0.384301
149	108	0.381007
149	109	0.577939
149	110	0.710594
149	111	0.583573
149	112	0.531063
149	113	0.505685
149	114	0.411793
149	115	0.280475
149	116	0.324885
149	117	0.360959
149	118	0.380119
149	119	0.356619
149	120	0.444593
149	121	0.422439
149	122	0.460154
149	123	0.422182
149	124	0.452569
149	125	0.451299
149	126	0.300654
149	127	0.0540541
149	128	0.0227273
149	129	0.0344828
150	94	0.0769231
150	95	0.142857
150	97	0.12
150	98	0.157895
150	99	0.160714
150	100	0.135417
150	101	0.141667
150	102	0.132867
150	103	0.0827338
150	104	0.0744863
150	105	0.216179
150	106	0.241788
150	107	0.548507
150	108	0.603388
150	109	0.72063
150	110	0.668571
150	111	0.536732
150	112	0.52112
150	113	0.449491
150	114	0.373084
150	115	0.394298
150	116	0.365543
150	117	0.436187
150	118	0.481127
150	119	0.486561
150	120	0.424386
150	121	0.374684
150	122	0.443252
150	123	0.41452
150	124	0.411765
150	125	0.336683
150	126	0.134615
150	127	0.0701754
150	128	0.0606061
150	129	0.0769231
150	131	0.0555556
151	93	0.0769231
151	94	0.0869565
151	95	0.2
151	96	0.0666667
151	97	0.263158
151	98	0.285714
151	99	0.269231
151	100	0.217391
151	101	0.263158
151	102	0.0584726
151	103	0.0645482
151	104	0.0901909
151	105	0.191145
151	106	0.380543
151	107	0.583524
151	108	0.649583
151	109	0.767734
151	110	0.642511
151	111	0.617795
151	112	0.507175
151	113	0.375328
151	114	0.421467
151	115	0.278515
151	116	0.393396
151	117	0.381098
151	118	0.571038
151	119	0.531225
151	120	0.455249
151	121	0.411683
151	122	0.391453
151	123	0.431461
151	124	0.341615
151	125	0.351759
151	126	0.131313
151	127	0.195122
151	128	0.0555556
152	92	0.142857
152	94	0.2
152	95	0.285714
152	96	0.153846
152	97	0.2
152	98	0.12766
152	99	0.0842105
152	100	0.21875
152	101	0.159763
152	102	0.288462
152	103	0.210345
152	104	0.201525
152	105	0.473684
152	106	0.59869
152	107	0.786181
152	108	0.793201
152	109	0.745492
152	110	0.663953
152	111	0.616546
152	112	0.485846
152	113	0.363879
152	114	0.432582
152	115	0.38516
152	116	0.490472
152	117	0.486131
152	118	0.561691
152	119	0.535135
152	120	0.440758
152	121	0.476043
152	122	0.385621
152	123	0.293605
152	124	0.157447
152	125	0.259843
152	126	0.257576
152	127	0.08
152	128	0.0357143
153	91	0.5
153	93	0.181818
153	94	0.142857
153	95	0.25
153	96	0.416667
153	97	0.296296
153	98	0.034965
153	99	0.173077
153	100	0.309524
153	101	0.5
153	102	0.445783
153	103	0.394834
153	104	0.604052
153	105	0.723077
153	106	0.790434
153	107	0.82111
153	108	0.7818
153	109	0.766022
153	110	0.681505
153	111	0.529366
153	112	0.516944
153	113	0.465344
153	114	0.51684
153	115	0.496394
153	116	0.551103
153	117	0.531928
153	118	0.604088
153	119	0.588921
153	120	0.428763
153	121	0.43622
153	122	0.314516
153	123	0.2625
153	124	0.279835
153	125	0.133333
153	126	0.184211
153	127	0.212121
153	128	0.0454545
153	131	0.0909091
154	89	1
154	90	0.666667
154	91	1
154	94	0.285714
154	95	0.375
154	96	0.217391
154	97	0.227273
154	98	0.357143
154	99	0.282051
154	100	0.586207
154	101	0.6
154	102	0.658915
154	103	0.681818
154	104	0.725552
154	105	0.775051
154	106	0.855342
154	107	0.867359
154	108	0.811478
154	109	0.766667
154	110	0.632483
154	111	0.617534
154	112	0.533569
154	113	0.565293
154	114	0.554162
154	115	0.668352
154	116	0.601342
154	117	0.590575
154	118	0.656934
154	119	0.621744
154	120	0.459279
154	121	0.496907
154	122	0.32948
154	123	0.302872
154	124	0.38961
154	125	0.252525
154	126	0.133333
154	127	0.172414
154	128	0.0909091
155	91	0.125
155	92	0.222222
155	93	0.0526316
155	94	0.307692
155	95	0.222222
155	96	0.111111
155	97	0.333333
155	98	0.545455
155	99	0.607143
155	100	0.40625
155	101	0.83871
155	102	0.729167
155	103	0.865566
155	104	0.848518
155	105	0.852632
155	106	0.880554
155	107	0.865618
155	108	0.872295
155	109	0.78538
155	110	0.67252
155	111	0.447523
155	112	0.427967
155	113	0.570404
155	114	0.574751
155	115	0.594449
155	116	0.507717
155	117	0.608045
155	118	0.605
155	119	0.427828
155	120	0.43659
155	121	0.404389
155	122	0.268116
155	123	0.146939
155	124	0.141304
155	125	0.172414
155	126	0.0943396
155	127	0.04
155	128	0.0555556
156	87	0.5
156	89	0.5
156	90	0.5
156	91	0.2
156	92	0.428571
156	93	0.111111
156	94	0.0714286
156	95	0.25
156	96	0.636364
156	97	0.692308
156	98	0.285714
156	99	0.52
156	100	0.837838
156	101	0.775701
156	102	0.78534
156	103	0.885417
156	104	0.891403
156	105	0.898358
156	106	0.871069
156	107	0.876575
156	108	0.802165
156	109	0.783291
156	110	0.680725
156	111	0.435655
156	112	0.479105
156	113	0.626181
156	114	0.636418
156	115	0.650229
156	116	0.549053
156	117	0.690426
156	118	0.610873
156	119	0.544025
156	120	0.38484
156	121	0.46
156	122	0.227273
156	123	0.0947867
156	124	0.0714286
156	125	0.107143
156	126	0.0204082
156	127	0.0588235
156	129	0.0909091
157	87	0.333333
157	89	0.666667
157	91	0.4
157	92	0.142857
157	93	0.333333
157	94	0.375
157	95	0.444444
157	96	0.8
157	97	0.818182
157	98	0.8
157	99	0.714286
157	100	0.691176
157	101	0.702479
157	102	0.782288
157	103	0.886435
157	104	0.912977
157	105	0.880484
157	106	0.890537
157	107	0.884403
157	108	0.86533
157	109	0.818215
157	110	0.691964
157	111	0.371311
157	112	0.468145
157	113	0.517391
157	114	0.62046
157	115	0.743607
157	116	0.697026
157	117	0.658796
157	118	0.621291
157	119	0.566893
157	120	0.40293
157	121	0.534574
157	122	0.123404
157	123	0.130178
157	124	0.122581
157	125	0.14
157	126	0.166667
158	87	0.5
158	89	0.166667
158	90	1
158	91	0.6
158	93	0.285714
158	94	0.25
158	95	0.333333
158	96	0.6
158	97	0.818182
158	98	0.772727
158	99	0.782609
158	100	0.776471
158	101	0.830409
158	102	0.804665
158	103	0.889273
158	104	0.927782
158	105	0.890751
158	106	0.891304
158	107	0.831605
158	108	0.815008
158	109	0.8038
158	110	0.518164
158	111	0.541266
158	112	0.68914
158	113	0.738462
158	114	0.731632
158	115	0.734104
158	116	0.732789
158	117	0.654028
158	118	0.558442
158	119	0.488166
158	120	0.359155
158	121	0.27907
158	122	0.0912548
158	123	0.0897436
158	124	0.0531915
158	125	0.12766
158	126	0.125
159	92	1
159	93	0.666667
159	94	0.5
159	95	0.5
159	96	0.6
159	97	0.545455
159	98	0.384615
159	99	0.810345
159	100	0.797619
159	101	0.684211
159	102	0.854043
159	103	0.886694
159	104	0.923501
159	105	0.887223
159	106	0.858938
159	107	0.848956
159	108	0.790971
159	109	0.71908
159	110	0.691297
159	111	0.670164
159	112	0.683448
159	113	0.713771
159	114	0.75907
159	115	0.759369
159	116	0.743869
159	117	0.653571
159	118	0.510582
159	119	0.49697
159	120	0.369159
159	121	0.207317
159	122	0.10084
159	123	0.048951
159	124	0.0543478
159	125	0.075
159	126	0.0833333
160	92	0.5
160	93	0.4
160	94	0.5
160	96	0.666667
160	97	1
160	98	0.653846
160	99	0.880597
160	100	0.853107
160	101	0.83812
160	102	0.916084
160	103	0.948174
160	104	0.935688
160	105	0.871989
160	106	0.873418
160	107	0.830292
160	108	0.773268
160	109	0.730745
160	110	0.626921
160	111	0.495447
160	112	0.699628
160	113	0.734375
160	114	0.729437
160	115	0.743462
160	116	0.673406
160	117	0.607656
160	118	0.527027
160	119	0.401709
160	120	0.225564
160	121	0.101523
160	122	0.0480769
160	123	0.0397351
160	124	0.0444444
160	126	0.153846
161	92	1
161	94	0.4
161	96	1
161	97	0.8
161	98	0.68
161	99	0.835165
161	100	0.892308
161	101	0.907692
161	102	0.913165
161	103	0.908756
161	104	0.923774
161	105	0.884749
161	106	0.85948
161	107	0.800699
161	108	0.733519
161	109	0.727981
161	110	0.676856
161	111	0.716797
161	112	0.650943
161	113	0.728395
161	114	0.668555
161	115	0.662669
161	116	0.70826
161	117	0.645946
161	118	0.45935
161	119	0.341935
161	120	0.174242
161	121	0.0561798
161	122	0.00913242
161	123	0.0173913
162	97	0.777778
162	98	0.738095
162	99	0.859813
162	100	0.95
162	101	0.89693
162	102	0.92577
162	103	0.941851
162	104	0.924095
162	105	0.855975
162	106	0.807356
162	107	0.838247
162	108	0.772512
162	109	0.689109
162	110	0.685065
162	111	0.680043
162	112	0.522651
162	113	0.604651
162	114	0.641667
162	115	0.590494
162	116	0.665948
162	117	0.540881
162	118	0.411765
162	119	0.321429
162	120	0.150685
162	121	0.0697674
162	122	0.0276498
162	123	0.0336134
163	92	1
163	95	0.333333
163	96	0.166667
163	97	0.714286
163	98	0.59375
163	99	0.875
163	100	0.942446
163	101	0.945946
163	102	0.927203
163	103	0.931521
163	104	0.909091
163	105	0.836872
163	106	0.760893
163	107	0.74216
163	108	0.729761
163	109	0.675095
163	110	0.679542
163	111	0.682749
163	112	0.697161
163	113	0.736301
163	114	0.584973
163	115	0.520161
163	116	0.543716
163	117	0.412371
163	118	0.417722
163	119	0.286885
163	120	0.180328
163	121	0.0679012
163	122	0.01
163	126	0.04
164	95	0.111111
164	96	0.181818
164	97	0.375
164	98	0.666667
164	99	0.854015
164	100	0.934247
164	101	0.955789
164	102	0.930142
164	103	0.921654
164	104	0.861982
164	105	0.791281
164	106	0.757969
164	107	0.694259
164	108	0.640845
164	109	0.665579
164	110	0.626812
164	111	0.666667
164	112	0.696629
164	113	0.74461
164	114	0.656716
164	115	0.54646
164	116	0.548896
164	117	0.39726
164	118	0.349593
164	119	0.297297
164	120	0.0961538
164	121	0.035503
164	122	0.028
164	124	0.0338983
165	95	0.266667
165	96	0.0714286
165	97	0.333333
165	98	0.697674
165	99	0.850877
165	100	0.939502
165	101	0.957169
165	102	0.91866
165	103	0.897842
165	104	0.871835
165	105	0.775717
165	106	0.742857
165	107	0.667808
165	108	0.584838
165	109	0.689498
165	110	0.61596
165	111	0.625995
165	112	0.621333
165	113	0.628062
165	114	0.657303
165	115	0.536424
165	116	0.535565
165	117	0.423913
165	118	0.347107
165	119	0.215054
165	120	0.117021
165	121	0.035533
165	123	0.0253165
166	95	0.125
166	96	0.333333
166	97	0.388889
166	98	0.705882
166	99	0.848485
166	100	0.899123
166	101	0.930818
166	102	0.87905
166	103	0.855288
166	104	0.815678
166	105	0.804444
166	106	0.726397
166	107	0.730298
166	108	0.650826
166	109	0.623494
166	110	0.618902
166	111	0.671141
166	112	0.641337
166	113	0.6625
166	114	0.617747
166	115	0.525896
166	116	0.462617
166	117	0.487013
166	118	0.451613
166	119	0.224719
166	120	0.109375
166	121	0.0428571
166	122	0.0135135
166	123	0.00961538
167	95	0.0909091
167	96	0.307692
167	97	0.815789
167	98	0.647059
167	99	0.820225
167	100	0.876543
167	101	0.945799
167	102	0.830247
167	103	0.817365
167	104	0.808824
167	105	0.723164
167	106	0.743169
167	107	0.671835
167	108	0.61519
167	109	0.58194
167	110	0.6875
167	111	0.66791
167	112	0.578571
167	113	0.70765
167	114	0.552381
167	115	0.593301
167	116	0.440476
167	117	0.410072
167	118	0.357895
167	119	0.27907
167	120	0.0714286
167	121	0.0131004
167	123	0.00990099
168	94	0.0588235
168	95	0.166667
168	96	0.571429
168	97	0.923077
168	98	0.904762
168	99	0.858824
168	100	0.829787
168	101	0.882883
168	102	0.827206
168	103	0.819608
168	104	0.772563
168	105	0.785953
168	106	0.71875
168	107	0.694611
168	108	0.598592
168	109	0.595041
168	110	0.604444
168	111	0.618605
168	112	0.682292
168	113	0.675214
168	114	0.572727
168	115	0.579882
168	116	0.456
168	117	0.354167
168	118	0.293333
168	119	0.3
168	120	0.0853659
168	121	0.00478469
168	123	0.0128205
169	95	0.25
169	96	0.384615
169	97	0.877551
169	98	0.894737
169	99	0.811321
169	100	0.766355
169	101	0.729323
169	102	0.866337
169	103	0.845588
169	104	0.742947
169	105	0.769716
169	106	0.759542
169	107	0.632813
169	108	0.59204
169	109	0.476744
169	110	0.559783
169	111	0.497674
169	112	0.533632
169	113	0.656126
169	114	0.635
169	115	0.59854
169	116	0.403226
169	117	0.333333
169	118	0.386667
169	119	0.276316
169	120	0.037037
169	121	0.00821918
169	122	0.00403226
169	124	0.0208333
170	95	0.5
170	96	0.454545
170	97	0.777778
170	98	0.692308
170	99	0.833333
170	100	0.826667
170	101	0.825243
170	102	0.858896
170	103	0.883249
170	104	0.725632
170	105	0.760563
170	106	0.671498
170	107	0.691358
170	108	0.483871
170	109	0.468531
170	110	0.386861
170	111	0.471074
170	112	0.662037
170	113	0.585799
170	114	0.572193
170	115	0.636364
170	116	0.492754
170	117	0.392157
170	118	0.25
170	119	0.303571
170	120	0.038961
170	122	0.00438596
170	124	0.0322581
171	96	0.333333
171	97	0.5
171	98	0.846154
171	99	0.771429
171	100	0.732394
171	101	0.797468
171	102	0.84252
171	103	0.788991
171	104	0.730769
171	105	0.710692
171	106	0.516129
171	107	0.589928
171	108	0.365672
171	109	0.340909
171	110	0.465517
171	111	0.463855
171	112	0.52551
171	113	0.513514
171	114	0.619718
171	115	0.440367
171	116	0.382353
171	117	0.347826
171	118	0.160714
171	119	0.178571
171	120	0.0731707
171	121	0.0148699
171	122	0.00395257
172	93	0.5
172	95	0.0833333
172	97	0.125
172	98	0.538462
172	99	0.703704
172	100	0.666667
172	101	0.710526
172	102	0.83237
172	103	0.72956
172	104	0.714286
172	105	0.58209
172	106	0.531034
172	107	0.566038
172	108	0.369369
172	109	0.401961
172	110	0.35
172	111	0.472973
172	112	0.538462
172	113	0.45
172	114	0.512821
172	115	0.516667
172	116	0.388889
172	117	0.257143
172	118	0.173913
172	119	0.214286
172	120	0.0348837
172	121	0.00816327
173	94	0.125
173	97	0.176471
173	98	0.454545
173	99	0.419355
173	100	0.609756
173	101	0.691176
173	102	0.726619
173	103	0.699187
173	104	0.6
173	105	0.533333
173	106	0.426966
173	107	0.539326
173	108	0.342466
173	109	0.179104
173	110	0.405063
173	111	0.561905
173	112	0.491379
173	113	0.473214
173	114	0.285714
173	115	0.333333
173	116	0.097561
173	117	0.166667
173	118	0.121951
173	119	0.181818
173	120	0.030303
173	121	0.0138889
173	123	0.0175439
174	97	0.125
174	98	0.148148
174	99	0.348837
174	100	0.482759
174	101	0.617284
174	102	0.576923
174	103	0.458015
174	104	0.6125
174	105	0.6
174	106	0.5
174	107	0.47619
174	108	0.217391
174	109	0.19802
174	110	0.252747
174	111	0.315385
174	112	0.430108
174	113	0.4625
174	114	0.260274
174	115	0.297872
174	116	0.2
174	117	0.157895
174	118	0.0588235
174	119	0.0909091
174	121	0.00549451
174	123	0.0169492
175	96	0.333333
175	97	0.545455
175	98	0.5625
175	99	0.630435
175	100	0.727273
175	101	0.661017
175	102	0.663366
175	103	0.479452
175	104	0.621212
175	105	0.638298
175	106	0.40678
175	107	0.327869
175	108	0.305085
175	109	0.272727
175	110	0.258065
175	111	0.33
175	112	0.392405
175	113	0.607143
175	114	0.323944
175	115	0.208333
175	116	0.179487
175	117	0.0322581
175	118	0.0666667
175	119	0.0555556
175	120	0.0428571
175	122	0.0028169
176	95	0.333333
176	96	0.285714
176	97	0.214286
176	98	0.625
176	99	0.666667
176	100	0.765957
176	101	0.859375
176	102	0.79798
176	103	0.594203
176	104	0.666667
176	105	0.410256
176	106	0.313725
176	107	0.35
176	108	0.327273
176	109	0.183908
176	110	0.269663
176	111	0.280992
176	112	0.40708
176	113	0.4
176	114	0.163636
176	115	0.170732
176	116	0.125
176	117	0.0285714
176	118	0.185185
176	119	0.128205
176	120	0.0185185
176	121	0.00512821
177	97	0.25
177	98	0.375
177	99	0.653846
177	100	0.806452
177	101	0.862745
177	102	0.7875
177	103	0.7
177	104	0.615385
177	105	0.272727
177	106	0.288889
177	107	0.0869565
177	108	0.176471
177	109	0.166667
177	110	0.305556
177	111	0.294118
177	112	0.504505
177	113	0.298507
177	114	0.133333
177	115	0.0714286
177	116	0.0344828
177	117	0.0384615
177	118	0.05
177	119	0.0769231
177	121	0.0117647
177	122	0.00315457
178	95	1
178	96	0.8
178	97	1
178	98	0.625
178	99	0.84
178	100	0.893617
178	101	0.877778
178	102	0.703125
178	103	0.744186
178	104	0.560976
178	105	0.340426
178	106	0.352941
178	107	0.32
178	108	0.152542
178	109	0.126984
178	110	0.486111
178	111	0.383562
178	112	0.594059
178	113	0.269841
178	114	0.163265
178	115	0.0869565
178	120	0.0363636
179	95	1
179	97	0.5
179	98	0.25
179	99	0.789474
179	100	0.946429
179	101	0.931034
179	102	0.676471
179	103	0.655172
179	104	0.72
179	105	0.375
179	106	0.275862
179	107	0.268293
179	108	0.1
179	109	0.188889
179	110	0.395833
179	111	0.436782
179	112	0.505263
179	113	0.245283
179	114	0.09375
179	115	0.05
179	116	0.0384615
180	97	0.5
180	98	1
180	99	0.944444
180	100	0.985294
180	101	0.892857
180	102	0.5
180	103	0.586207
180	104	0.607143
180	105	0.294118
180	106	0.190476
180	107	0.269231
180	108	0.148936
180	109	0.132353
180	110	0.41791
180	111	0.38806
180	112	0.265625
180	113	0.25
180	114	0.275862
180	116	0.125
180	120	0.0333333
180	122	0.00429185
181	97	1
181	98	0.75
181	99	0.894737
181	100	0.854545
181	101	0.68
181	102	0.470588
181	103	0.764706
181	104	0.473684
181	105	0.172414
181	106	0.16
181	107	0.227273
181	108	0.169014
181	109	0.25
181	110	0.42029
181	111	0.273684
181	112	0.23913
181	113	0.28125
181	114	0.0666667
181	115	0.0625
181	122	0.00409836
182	96	1
182	97	0.857143
182	98	1
182	99	0.761905
182	100	0.880952
182	101	0.631579
182	102	0.4
182	103	0.5
182	104	0.214286
182	105	0.166667
182	106	0.0666667
182	107	0.212121
182	108	0.0786517
182	109	0.150685
182	110	0.2
182	111	0.440678
182	112	0.413793
182	113	0.238095
182	114	0.047619
183	97	1
183	98	1
183	99	0.909091
183	100	0.96
183	101	0.769231
183	102	0.357143
183	103	0.5
183	104	0.166667
183	105	0.217391
183	106	0.0588235
183	107	0.0576923
183	108	0.0314961
183	109	0.1
183	110	0.366667
183	111	0.304348
183	112	0.0967742
183	113	0.0588235
183	116	0.0714286
183	121	0.00140647
184	97	0.555556
184	98	0.666667
184	99	0.75
184	100	0.931034
184	101	0.7
184	102	0.454545
184	103	0.4
184	104	0.25
184	105	0.166667
184	106	0.125
184	107	0.0173913
184	108	0.0379747
184	109	0.0925926
184	110	0.178571
184	111	0.25
184	112	0.0384615
184	115	0.0769231
185	97	0.5
185	98	0.625
185	99	0.714286
185	100	0.666667
185	101	0.333333
185	102	0.125
185	103	0.5
185	104	0.157895
185	105	0.0454545
185	106	0.0392157
185	107	0.0291262
185	108	0.0416667
185	110	0.266667
185	111	0.25
185	112	0.25
185	113	0.0869565
185	115	0.0833333
186	97	0.5
186	98	0.692308
186	99	0.25
186	100	0.5
186	102	0.166667
186	103	0.333333
186	104	0.222222
186	105	0.08
186	106	0.0222222
186	107	0.00833333
186	108	0.0103093
186	109	0.0789474
186	110	0.24
186	111	0.0666667
186	112	0.0487805
186	113	0.0526316
186	122	0.00442478
187	98	0.333333
187	99	0.142857
187	100	0.4
187	101	0.25
187	102	0.2
187	103	0.272727
187	104	0.0769231
187	105	0.115385
187	108	0.025974
187	109	0.09375
187	110	0.142857
187	111	0.0416667
187	112	0.0294118
187	117	0.0769231
188	98	0.2
188	99	0.111111
188	100	0.166667
188	102	0.0714286
188	105	0.0454545
188	108	0.0240964
188	109	0.027027
188	110	0.0769231
188	111	0.125
188	112	0.0769231
188	117	0.125
189	99	0.166667
189	102	0.0714286
189	109	0.0588235
189	110	0.0833333
189	111	0.0277778
189	112	0.0392157
189	117	0.0714286
189	118	0.153846
190	98	0.111111
190	103	0.0625
190	109	0.0238095
190	111	0.0192308
191	97	0.166667
191	101	0.25
191	108	0.0517241
191	111	0.0169492
191	112	0.0166667
192	109	0.0185185
192	111	0.0714286
193	101	0.0833333
193	108	0.031746
193	110	0.0285714
193	115	0.111111
194	108	0.0232558
194	111	0.0206186
195	100	0.047619
195	103	0.0512821
195	112	0.025641
197	96	0.0625
197	98	0.0555556
197	100	0.05
197	107	0.0114943
198	107	0.00909091
198	108	0.0045045
198	112	0.030303
199	107	0.0108696
199	110	0.0232558
199	111	0.0212766
200	100	0.0222222
200	108	0.00546448
200	110	0.0645161
201	107	0.0116279
202	109	0.0104167
203	99	0.111111
203	100	0.2
203	105	0.0416667
203	106	0.0588235
203	108	0.00970874
203	110	0.0175439
203	111	0.0136054
204	97	0.111111
204	104	0.0526316
204	106	0.025
204	108	0.00291121
204	109	0.00555556
204	110	0.010101
204	111	0.00507614
204	113	0.0169492
205	104	0.111111
205	107	0.0114943
205	108	0.00530504
205	109	0.015544
205	110	0.00416667
206	107	0.00174216
206	108	0.00341297
206	109	0.00497512
206	110	0.00283286
210	110	0.0212766
