107	161	0.000630915
108	153	0.0181818
109	131	0.05
110	102	0.00510204
110	167	0.00460829
110	169	0.0227273
111	131	0.0384615
111	160	0.000329381
111	164	0.00032113
112	157	0.000315259
113	131	0.0188679
113	152	0.00162602
113	157	0.000329815
113	159	0.000523286
113	162	0.000381825
114	116	0.00591716
114	154	0.000793021
114	156	0.000492126
114	161	0.000863558
115	131	0.00854701
115	149	0.00168634
115	152	0.000800641
115	154	0.000197122
115	156	0.000279877
116	109	0.00319489
116	152	0.0004329
116	154	0.000290867
116	155	0.000226963
117	105	0.00301205
117	134	0.00344828
117	144	0.0013089
117	148	0.000711238
117	154	0.000333444
117	155	0.000246731
117	156	0.000334784
117	157	0.000729395
118	143	0.000956023
118	149	0.00170648
118	150	0.000803859
118	151	0.000686813
118	152	0.000606796
118	153	0.00180397
119	131	0.000773395
119	138	0.000927644
119	141	0.000841751
119	149	0.000956938
119	150	0.00108696
119	151	0.000943396
119	152	0.000947867
119	153	0.000971817
119	155	0.000805802
119	158	0.00271739
120	96	0.0052356
120	104	0.00411523
120	113	0.00207469
120	114	0.00308166
120	118	0.000620347
120	130	0.000263713
120	132	0.00100908
120	135	0.000934579
120	138	0.000853971
120	139	0.000656599
120	140	0.000512558
120	150	0.0013459
120	153	0.00117371
120	154	0.00183655
120	155	0.00110254
120	156	0.0030581
120	159	0.0147059
121	107	0.0046729
121	113	0.002457
121	114	0.00424628
121	115	0.00147275
121	130	0.000314961
121	131	0.000639795
121	136	0.000807754
121	138	0.00121139
121	139	0.000270124
121	142	0.000719424
121	145	0.00175131
121	147	0.00168067
121	148	0.00269542
121	149	0.00321027
121	151	0.00112486
121	153	0.0011274
121	155	0.00367647
122	106	0.00549451
122	110	0.00413223
122	116	0.00283286
122	117	0.00109409
122	118	0.00170648
122	122	0.000918836
122	125	0.000437063
122	126	0.00126263
122	128	0.00117371
122	130	0.000653168
122	131	0.00144383
122	136	0.000329381
122	138	0.00359033
122	140	0.000547945
122	142	0.00108108
122	143	0.00142653
122	144	0.00167504
122	145	0.00343053
122	146	0.00204082
122	147	0.00187617
122	148	0.00464396
122	149	0.00161812
122	150	0.00357782
122	154	0.0060241
122	155	0.0140845
123	83	0.0666667
123	85	0.0714286
123	88	0.0588235
123	96	0.00641026
123	101	0.00492611
123	113	0.00364964
123	120	0.000694927
123	122	0.000380373
123	123	0.000276932
123	124	0.000254518
123	130	0.000890208
123	131	0.000562746
123	137	0.00137804
123	138	0.00144858
123	140	0.000722543
123	141	0.00190295
123	144	0.0018018
123	147	0.00201613
123	148	0.0045977
123	149	0.00224215
123	150	0.00546448
123	151	0.0110294
123	155	0.0178571
124	98	0.00763359
124	108	0.00606061
124	113	0.00735294
124	116	0.00184502
124	118	0.00146413
124	122	0.000423191
124	126	0.000252207
124	128	0.000534045
124	129	0.000326158
124	130	0.000179147
124	131	0.000486066
124	135	0.000506971
124	136	0.000682749
124	137	0.00172861
124	138	0.00468604
124	141	0.000976562
124	142	0.00242131
124	143	0.00117233
124	144	0.00164745
124	145	0.00187617
124	147	0.00595238
124	149	0.00285714
124	150	0.00299401
124	152	0.0060241
124	154	0.015873
124	156	0.047619
124	157	0.0769231
125	96	0.0103093
125	100	0.00591716
125	108	0.017094
125	109	0.0121951
125	117	0.00191571
125	122	0.00102407
125	124	0.000285878
125	125	0.000182882
125	128	0.000257865
125	129	0.000510986
125	130	0.000413907
125	131	0.000814465
125	132	0.00161204
125	133	0.000283166
125	134	0.000634786
125	135	0.000423012
125	136	0.00347408
125	137	0.00352113
125	138	0.0014437
125	141	0.000972763
125	142	0.00441501
125	143	0.00280112
125	144	0.00772798
125	145	0.00297619
125	146	0.00421053
125	147	0.00704225
125	148	0.0118343
125	149	0.00769231
125	150	0.00458716
125	151	0.00588235
125	153	0.0206186
126	68	0.0909091
126	76	0.0909091
126	86	0.0333333
126	94	0.015873
126	106	0.0196078
126	108	0.00892857
126	113	0.00416667
126	115	0.003003
126	116	0.00454545
126	117	0.00222222
126	122	0.000552181
126	123	0.000702741
126	124	0.000268312
126	125	0.00105634
126	126	0.000781599
126	127	0.000336445
126	128	0.000761924
126	129	0.000356746
126	130	0.000380212
126	131	0.000352703
126	132	0.00031511
126	133	0.000477935
126	134	0.00119434
126	135	0.000670991
126	136	0.002998
126	137	0.00562771
126	138	0.00135993
126	139	0.00865801
126	140	0.00915751
126	141	0.00763359
126	142	0.00391134
126	144	0.0044843
126	146	0.00150376
126	147	0.00775194
126	148	0.0147059
126	149	0.00315457
126	151	0.0108696
126	155	0.016129
126	157	0.0204082
127	89	0.0333333
127	101	0.015873
127	102	0.0192308
127	103	0.00917431
127	110	0.00621118
127	116	0.00218818
127	121	0.00216138
127	122	0.001
127	123	0.000682827
127	124	0.0010609
127	125	0.000715393
127	126	0.000292227
127	127	0.00062544
127	128	0.000311943
127	129	0.000296622
127	130	0.00070777
127	131	0.00150258
127	132	0.00269997
127	133	0.00085195
127	134	0.00140708
127	135	0.00283006
127	136	0.00244315
127	137	0.00131191
127	138	0.0043554
127	139	0.00713502
127	140	0.00793651
127	141	0.00982801
127	142	0.00934579
127	143	0.00558659
127	144	0.00137457
127	146	0.0018622
127	147	0.00244898
127	148	0.00163132
127	150	0.00275482
127	153	0.00609756
128	87	0.047619
128	108	0.00934579
128	109	0.00543478
128	115	0.0220049
128	116	0.00424628
128	118	0.000987167
128	121	0.00246103
128	122	0.00226693
128	123	0.00138504
128	124	0.000335993
128	125	0.00039013
128	126	0.000442892
128	127	0.000938719
128	128	0.000153157
128	129	0.000519655
128	130	0.00167039
128	131	0.00168996
128	132	0.00246599
128	133	0.00127083
128	134	0.00188147
128	135	0.0022807
128	136	0.00255346
128	137	0.0107568
128	138	0.0100083
128	139	0.0052356
128	140	0.0163456
128	141	0.0120805
128	142	0.00682594
128	143	0.00321285
128	145	0.000494805
128	146	0.00148957
128	147	0.000957854
128	148	0.00113122
128	149	0.00171233
128	150	0.00224719
128	151	0.00287356
128	152	0.00361011
128	154	0.00662252
128	155	0.008
129	93	0.0232558
129	97	0.0121951
129	101	0.010101
129	105	0.00934579
129	106	0.0103093
129	107	0.00813008
129	109	0.0145985
129	112	0.00469484
129	114	0.00299401
129	116	0.00194175
129	117	0.00338219
129	119	0.00253165
129	120	0.00204082
129	121	0.000493097
129	122	0.000918756
129	123	0.00179671
129	124	0.00180238
129	125	0.00219
129	126	0.000600787
129	127	0.00212047
129	128	0.00256588
129	129	0.00216915
129	130	0.00243595
129	131	0.00294631
129	132	0.0043928
129	133	0.0024157
129	134	0.00341713
129	135	0.00466563
129	136	0.00670795
129	137	0.0170604
129	138	0.0279948
129	139	0.0286935
129	140	0.0132159
129	141	0.0038373
129	143	0.00375657
129	145	0.00167973
129	147	0.00230415
129	148	0.00172117
129	151	0.00613497
130	87	0.0434783
130	95	0.0138889
130	101	0.0125
130	104	0.020202
130	106	0.0128205
130	108	0.0117647
130	110	0.00740741
130	113	0.00367647
130	114	0.00824176
130	115	0.00652174
130	120	0.000882418
130	121	0.000393918
130	122	0.000590667
130	123	0.00230087
130	124	0.00300021
130	125	0.0113745
130	126	0.0150596
130	127	0.00626642
130	128	0.0155514
130	129	0.00403357
130	130	0.00421784
130	131	0.00524233
130	132	0.00753718
130	133	0.00709388
130	134	0.00220994
130	135	0.0035657
130	136	0.00399718
130	137	0.0474834
130	138	0.0705882
130	139	0.0339912
130	140	0.0119166
130	141	0.00526316
130	142	0.00300752
130	143	0.00328407
130	144	0.00222387
130	145	0.0011919
130	147	0.00443131
130	148	0.00221729
130	149	0.00320513
131	86	0.05
131	94	0.0188679
131	96	0.0131579
131	97	0.0125
131	99	0.0117647
131	103	0.0105263
131	105	0.0133333
131	107	0.00813008
131	109	0.00641026
131	110	0.00757576
131	111	0.00456621
131	112	0.0045045
131	115	0.0189036
131	116	0.00132275
131	117	0.00290416
131	118	0.00117716
131	119	0.00274295
131	120	0.000728133
131	121	0.000386455
131	122	0.00102663
131	123	0.00410563
131	124	0.00472278
131	125	0.0112675
131	126	0.0384664
131	127	0.0141829
131	128	0.0123885
131	129	0.0109131
131	130	0.0110243
131	131	0.0150137
131	132	0.0178622
131	133	0.00627205
131	134	0.00224025
131	135	0.0128998
131	136	0.0587476
131	137	0.0838323
131	138	0.0279898
131	139	0.0127226
131	140	0.0192077
131	141	0.00786164
131	142	0.00865801
131	143	0.00326797
131	144	0.00761421
131	146	0.00225225
131	147	0.0025
131	149	0.00328947
131	152	0.00431034
132	84	0.0588235
132	86	0.0625
132	99	0.00980392
132	106	0.00909091
132	108	0.00729927
132	109	0.013245
132	111	0.00478469
132	112	0.00395257
132	113	0.003367
132	114	0.00258398
132	115	0.00993377
132	116	0.0105882
132	117	0.00246914
132	118	0.00342857
132	119	0.0013465
132	120	0.00438356
132	121	0.00476372
132	122	0.00645769
132	123	0.0134672
132	124	0.0261112
132	125	0.0314639
132	126	0.0343472
132	127	0.0389458
132	128	0.0431759
132	129	0.0294055
132	130	0.0313398
132	131	0.0347368
132	132	0.0334773
132	133	0.0138517
132	134	0.0258752
132	135	0.0433245
132	136	0.073743
132	137	0.0371681
132	138	0.0375427
132	139	0.0383973
132	140	0.0276596
132	141	0.0021978
132	142	0.00228311
132	143	0.00652174
132	144	0.00618238
132	145	0.00959693
132	146	0.00469484
132	147	0.00325733
132	148	0.003367
132	149	0.00966184
132	150	0.00478469
132	156	0.00531915
133	78	0.0714286
133	97	0.011236
133	102	0.0151515
133	104	0.00990099
133	106	0.010989
133	109	0.00704225
133	110	0.00680272
133	111	0.00917431
133	114	0.00362976
133	115	0.00408998
133	116	0.00242915
133	117	0.00227015
133	118	0.00247678
133	119	0.00500334
133	120	0.00325766
133	121	0.00409867
133	122	0.0116684
133	123	0.0216677
133	124	0.0390206
133	125	0.0382611
133	126	0.0798186
133	127	0.0429371
133	128	0.0511411
133	129	0.0344373
133	130	0.0319588
133	131	0.0190372
133	132	0.0231309
133	133	0.00201442
133	134	0.0162495
133	135	0.056891
133	136	0.0432633
133	137	0.0310078
133	138	0.0162272
133	139	0.018711
133	140	0.010395
133	141	0.00478469
133	142	0.0021692
133	143	0.00390625
133	144	0.00788955
133	145	0.00457666
133	146	0.00275482
133	148	0.00344828
133	149	0.00425532
133	150	0.00505051
134	75	0.0909091
134	92	0.0181818
134	93	0.025641
134	97	0.0178571
134	99	0.0125
134	101	0.028169
134	104	0.0136986
134	105	0.015625
134	106	0.0172414
134	107	0.0194175
134	108	0.0116279
134	109	0.00621118
134	110	0.00358423
134	111	0.000709471
134	112	0.000206612
134	113	0.00683995
134	114	0.0154083
134	115	0.00411805
134	116	0.00326531
134	117	0.00207204
134	118	0.000973778
134	119	0.00117026
134	120	0.00607848
134	121	0.00935592
134	122	0.0241187
134	123	0.0510271
134	124	0.0799321
134	125	0.0660772
134	126	0.100965
134	127	0.0639055
134	128	0.0769863
134	129	0.0506818
134	130	0.067382
134	131	0.0561441
134	132	0.0659196
134	133	0.0546928
134	134	0.0590038
134	135	0.057423
134	136	0.032882
134	137	0.00592885
134	138	0.0253807
134	139	0.0286458
134	140	0.0202899
134	141	0.0106007
134	142	0.0145773
134	143	0.0126263
134	145	0.0114504
134	146	0.0097561
135	78	0.2
135	96	0.0208333
135	101	0.02
135	102	0.0185185
135	103	0.0166667
135	106	0.0163934
135	107	0.0229885
135	108	0.0144928
135	109	0.0060241
135	110	0.0113636
135	111	0.00353714
135	112	0.00220994
135	113	0.0304054
135	114	0.0193798
135	115	0.00849732
135	116	0.00537079
135	117	0.0073185
135	118	0.00518457
135	119	0.00937537
135	120	0.0216744
135	121	0.0278517
135	122	0.0452342
135	123	0.109441
135	124	0.0800473
135	125	0.164861
135	126	0.139075
135	127	0.093857
135	128	0.0835616
135	129	0.0602694
135	130	0.085157
135	131	0.119097
135	132	0.168421
135	133	0.120253
135	134	0.106383
135	135	0.0647321
135	136	0.025641
135	137	0.026764
135	138	0.0224719
135	139	0.0167785
135	140	0.0231788
135	141	0.00307692
135	142	0.0221607
135	143	0.0106101
135	144	0.0191388
135	145	0.0163043
135	147	0.0253165
135	149	0.00632911
136	94	0.03125
136	97	0.0333333
136	102	0.02
136	103	0.02
136	105	0.0526316
136	106	0.0227273
136	107	0.0289855
136	108	0.0348837
136	109	0.0410959
136	110	0.077381
136	111	0.0369004
136	112	0.034384
136	113	0.0293758
136	114	0.0587349
136	115	0.012866
136	116	0.020185
136	117	0.0427668
136	118	0.0430769
136	119	0.102762
136	120	0.0471365
136	121	0.0678774
136	122	0.147817
136	123	0.158546
136	124	0.179172
136	125	0.241812
136	126	0.194497
136	127	0.128415
136	128	0.111801
136	129	0.129905
136	130	0.169082
136	131	0.285581
136	132	0.171751
136	133	0.153846
136	134	0.0483333
136	135	0.0280374
136	136	0.02267
136	137	0.00544959
136	138	0.0244565
136	139	0.0271084
136	140	0.00791557
136	141	0.00735294
136	142	0.00304878
136	144	0.0102041
136	146	0.0149254
136	147	0.00763359
137	88	0.0277778
137	93	0.0625
137	103	0.0294118
137	104	0.031746
137	105	0.015873
137	106	0.0178571
137	107	0.0961538
137	108	0.0917431
137	109	0.0438596
137	110	0.110345
137	111	0.119403
137	112	0.121519
137	113	0.0514851
137	114	0.1242
137	115	0.0774468
137	116	0.0802969
137	117	0.178408
137	118	0.17741
137	119	0.0799926
137	120	0.0928546
137	121	0.176777
137	122	0.254631
137	123	0.215392
137	124	0.224124
137	125	0.188362
137	126	0.204097
137	127	0.167099
137	128	0.228665
137	129	0.234363
137	130	0.23384
137	131	0.29653
137	132	0.122625
137	133	0.0814978
137	134	0.0655271
137	135	0.0446927
137	136	0.0522388
137	137	0.0423077
137	138	0.010989
137	139	0.013986
137	140	0.0333333
137	141	0.0101351
137	142	0.0027248
137	143	0.0101523
137	144	0.00543478
137	145	0.00746269
137	146	0.00833333
137	147	0.00826446
137	150	0.00900901
137	152	0.0136986
138	95	0.0357143
138	96	0.0416667
138	97	0.0434783
138	99	0.027027
138	103	0.025641
138	104	0.0512821
138	105	0.105263
138	106	0.091954
138	107	0.0595238
138	108	0.045977
138	109	0.0367647
138	110	0.0935961
138	111	0.0696864
138	112	0.173684
138	113	0.213018
138	114	0.310223
138	115	0.186082
138	116	0.141182
138	117	0.290804
138	118	0.164187
138	119	0.134006
138	120	0.199377
138	121	0.192417
138	122	0.274538
138	123	0.279682
138	124	0.300914
138	125	0.263
138	126	0.218291
138	127	0.271558
138	128	0.357244
138	129	0.313942
138	130	0.168571
138	131	0.163934
138	132	0.0956072
138	133	0.0666667
138	134	0.0701754
138	135	0.0615385
138	136	0.0304569
138	137	0.0310881
138	138	0.0209205
138	139	0.017094
138	140	0.00943396
138	142	0.0180723
138	143	0.0070922
138	145	0.00862069
138	152	0.025
139	98	0.0277778
139	100	0.0263158
139	103	0.0294118
139	105	0.0172414
139	106	0.0606061
139	107	0.0441176
139	108	0.079646
139	109	0.0765027
139	110	0.117264
139	111	0.340967
139	112	0.497457
139	113	0.339667
139	114	0.385358
139	115	0.237
139	116	0.427346
139	117	0.209499
139	118	0.221778
139	119	0.278473
139	120	0.359665
139	121	0.322719
139	122	0.318322
139	123	0.320465
139	124	0.383126
139	125	0.339033
139	126	0.286412
139	127	0.34584
139	128	0.36875
139	129	0.337572
139	130	0.288225
139	131	0.263014
139	132	0.168254
139	133	0.0648855
139	134	0.0930233
139	135	0.0574163
139	136	0.0639535
139	137	0.025
139	138	0.0229885
139	139	0.0192308
139	140	0.025
139	142	0.0344828
139	143	0.0111111
139	144	0.0119048
139	145	0.0126582
140	97	0.047619
140	98	0.027027
140	100	0.0235294
140	102	0.00900901
140	103	0.0119048
140	105	0.0166667
140	106	0.0172414
140	107	0.0916667
140	108	0.134969
140	109	0.214912
140	110	0.315789
140	111	0.536145
140	112	0.313556
140	113	0.431552
140	114	0.460856
140	115	0.423799
140	116	0.429195
140	117	0.338889
140	118	0.456547
140	119	0.381963
140	120	0.298587
140	121	0.378719
140	122	0.348753
140	123	0.359079
140	124	0.361931
140	125	0.37054
140	126	0.309417
140	127	0.441921
140	128	0.413586
140	129	0.262118
140	130	0.133721
140	131	0.178439
140	132	0.090535
140	133	0.084507
140	134	0.0927835
140	135	0.0512821
140	136	0.0921986
140	137	0.0757576
140	138	0.0366972
140	139	0.047619
140	140	0.025
140	141	0.0128205
140	143	0.015625
140	144	0.0149254
140	145	0.0169492
140	146	0.0175439
140	148	0.0232558
141	88	0.1
141	89	0.0909091
141	105	0.0121951
141	106	0.0900901
141	107	0.0880829
141	108	0.18894
141	109	0.203747
141	110	0.389058
141	111	0.567258
141	112	0.519667
141	113	0.503142
141	114	0.425613
141	115	0.436798
141	116	0.32832
141	117	0.391068
141	118	0.409012
141	119	0.431818
141	120	0.448266
141	121	0.406454
141	122	0.390409
141	123	0.395341
141	124	0.386869
141	125	0.396569
141	126	0.416177
141	127	0.440213
141	128	0.403599
141	129	0.21875
141	130	0.128378
141	131	0.105769
141	132	0.118644
141	133	0.130682
141	134	0.158537
141	135	0.117241
141	136	0.0825688
141	137	0.0206186
141	138	0.0338983
141	139	0.0625
141	140	0.0166667
141	141	0.04
141	142	0.0416667
141	143	0.0243902
142	101	0.0454545
142	102	0.025641
142	103	0.05
142	104	0.0314961
142	105	0.0598291
142	106	0.0552764
142	107	0.09375
142	108	0.198058
142	109	0.240385
142	110	0.35179
142	111	0.407886
142	112	0.579046
142	113	0.652733
142	114	0.549811
142	115	0.564149
142	116	0.449643
142	117	0.478283
142	118	0.567241
142	119	0.488398
142	120	0.539019
142	121	0.437968
142	122	0.41548
142	123	0.450136
142	124	0.438346
142	125	0.434924
142	126	0.455733
142	127	0.396991
142	128	0.398625
142	129	0.148148
142	130	0.170455
142	131	0.110526
142	132	0.0902778
142	133	0.0916667
142	134	0.122449
142	135	0.118421
142	136	0.0921053
142	137	0.037037
142	138	0.0612245
142	140	0.0465116
142	141	0.0238095
142	145	0.0625
143	101	0.0149254
143	102	0.00787402
143	103	0.025
143	104	0.0209424
143	105	0.0792079
143	106	0.0632184
143	107	0.0446667
143	108	0.0708447
143	109	0.155882
143	110	0.522496
143	111	0.639598
143	112	0.684126
143	113	0.668518
143	114	0.526609
143	115	0.579876
143	116	0.483181
143	117	0.586228
143	118	0.624332
143	119	0.523399
143	120	0.490343
143	121	0.486427
143	122	0.486923
143	123	0.529172
143	124	0.471614
143	125	0.442071
143	126	0.471623
143	127	0.453416
143	128	0.338
143	129	0.164794
143	130	0.227778
143	131	0.121212
143	132	0.17757
143	133	0.16
143	134	0.162791
143	135	0.113924
143	136	0.183673
143	137	0.0655738
143	138	0.0465116
143	139	0.0322581
143	140	0.166667
144	93	0.0666667
144	99	0.0138889
144	101	0.00980392
144	102	0.00544959
144	103	0.0113636
144	104	0.0110294
144	105	0.0949153
144	106	0.149712
144	107	0.0836345
144	108	0.262541
144	109	0.540191
144	110	0.804723
144	111	0.766166
144	112	0.713784
144	113	0.659188
144	114	0.555058
144	115	0.648765
144	116	0.593728
144	117	0.689126
144	118	0.644907
144	119	0.56868
144	120	0.525613
144	121	0.521138
144	122	0.538977
144	123	0.526356
144	124	0.49799
144	125	0.402095
144	126	0.420142
144	127	0.226562
144	128	0.263323
144	129	0.202899
144	130	0.245161
144	131	0.233333
144	132	0.225
144	133	0.19697
144	134	0.216667
144	135	0.0895522
144	136	0.0566038
144	137	0.170732
144	138	0.111111
144	139	0.03125
145	99	0.00653595
145	101	0.00491803
145	102	0.00527704
145	103	0.00541712
145	104	0.0173536
145	105	0.11479
145	106	0.104733
145	107	0.323077
145	108	0.643337
145	109	0.768421
145	110	0.730263
145	111	0.767301
145	112	0.71073
145	113	0.620003
145	114	0.569652
145	115	0.562888
145	116	0.57923
145	117	0.642868
145	118	0.617141
145	119	0.59173
145	120	0.537666
145	121	0.556891
145	122	0.580416
145	123	0.515873
145	124	0.519556
145	125	0.421373
145	126	0.269877
145	127	0.232112
145	128	0.236934
145	129	0.225
145	130	0.376
145	131	0.298701
145	132	0.441176
145	133	0.255319
145	134	0.2
145	135	0.212121
145	136	0.0645161
145	137	0.122449
145	138	0.192308
145	139	0.1
146	98	0.00636943
146	99	0.00390117
146	100	0.00645995
146	101	0.00743494
146	102	0.0305011
146	103	0.0711462
146	104	0.0826087
146	105	0.334405
146	106	0.286396
146	107	0.447514
146	108	0.552048
146	109	0.606149
146	110	0.665186
146	111	0.751915
146	112	0.720538
146	113	0.62993
146	114	0.578011
146	115	0.617672
146	116	0.562353
146	117	0.627379
146	118	0.585529
146	119	0.597056
146	120	0.555445
146	121	0.597165
146	122	0.522532
146	123	0.505901
146	124	0.418685
146	125	0.370787
146	126	0.361538
146	127	0.277311
146	128	0.34632
146	129	0.339506
146	130	0.3625
146	131	0.229508
146	132	0.3125
146	133	0.307692
146	134	0.206897
146	135	0.0434783
146	136	0.0952381
146	137	0.0645161
146	139	0.0666667
147	96	0.01
147	97	0.0378788
147	99	0.0146341
147	100	0.0377358
147	101	0.0666667
147	102	0.0722222
147	103	0.240642
147	104	0.361502
147	105	0.426087
147	106	0.345845
147	107	0.45815
147	108	0.464133
147	109	0.513585
147	110	0.65647
147	111	0.6857
147	112	0.658113
147	113	0.538603
147	114	0.535009
147	115	0.511069
147	116	0.556287
147	117	0.549889
147	118	0.570911
147	119	0.592151
147	120	0.549548
147	121	0.552984
147	122	0.481513
147	123	0.455773
147	124	0.449811
147	125	0.35188
147	126	0.361702
147	127	0.354839
147	128	0.5
147	129	0.459016
147	130	0.33871
147	131	0.338462
147	132	0.322581
147	133	0.333333
147	134	0.117647
147	135	0.0909091
147	136	0.125
147	137	0.0689655
148	95	0.0714286
148	96	0.0689655
148	97	0.138889
148	98	0.146341
148	99	0.277778
148	100	0.153061
148	101	0.137097
148	102	0.189349
148	103	0.45
148	104	0.620968
148	105	0.517493
148	106	0.402754
148	107	0.443522
148	108	0.537506
148	109	0.552381
148	110	0.698864
148	111	0.691676
148	112	0.693233
148	113	0.532039
148	114	0.557584
148	115	0.567326
148	116	0.55631
148	117	0.592614
148	118	0.599286
148	119	0.621603
148	120	0.574782
148	121	0.534684
148	122	0.40409
148	123	0.423208
148	124	0.421053
148	125	0.415808
148	126	0.427441
148	127	0.52069
148	128	0.532468
148	129	0.53
148	130	0.469697
148	131	0.285714
148	132	0.35
148	133	0.0952381
148	134	0.166667
148	135	0.25
148	136	0.16
148	138	0.1
149	96	0.175
149	97	0.289474
149	98	0.257143
149	99	0.195745
149	100	0.188034
149	101	0.280303
149	102	0.570605
149	103	0.480836
149	104	0.518519
149	105	0.424149
149	106	0.451172
149	107	0.442857
149	108	0.519849
149	109	0.621049
149	110	0.767369
149	111	0.651575
149	112	0.610209
149	113	0.539763
149	114	0.498961
149	115	0.522703
149	116	0.521895
149	117	0.589218
149	118	0.6343
149	119	0.671477
149	120	0.534535
149	121	0.57824
149	122	0.452426
149	123	0.436739
149	124	0.44474
149	125	0.402778
149	126	0.585366
149	127	0.545455
149	128	0.580882
149	129	0.447368
149	130	0.485714
149	131	0.153846
149	132	0.1
149	133	0.117647
149	134	0.214286
149	135	0.2
149	136	0.357143
149	137	0.0714286
150	95	0.0714286
150	96	0.272727
150	97	0.235294
150	98	0.494505
150	99	0.300613
150	100	0.417808
150	101	0.385475
150	102	0.491289
150	103	0.546632
150	104	0.476483
150	105	0.512482
150	106	0.442932
150	107	0.550505
150	108	0.623988
150	109	0.654671
150	110	0.680147
150	111	0.645807
150	112	0.580384
150	113	0.506981
150	114	0.448234
150	115	0.460367
150	116	0.484211
150	117	0.576958
150	118	0.625052
150	119	0.62964
150	120	0.532074
150	121	0.531844
150	122	0.472116
150	123	0.492009
150	124	0.505119
150	125	0.539535
150	126	0.597143
150	127	0.591743
150	128	0.5
150	129	0.515625
150	130	0.441176
150	131	0.212121
150	132	0.5
150	133	0.111111
150	134	0.111111
150	135	0.166667
151	93	0.0454545
151	94	0.0238095
151	95	0.109091
151	96	0.0917431
151	97	0.272
151	98	0.12749
151	99	0.463277
151	100	0.344262
151	101	0.545455
151	102	0.636923
151	103	0.515738
151	104	0.511824
151	105	0.55984
151	106	0.494784
151	107	0.577219
151	108	0.67822
151	109	0.721866
151	110	0.764045
151	111	0.708122
151	112	0.650919
151	113	0.520127
151	114	0.468342
151	115	0.507609
151	116	0.571544
151	117	0.583684
151	118	0.643629
151	119	0.570353
151	120	0.451324
151	121	0.49354
151	122	0.510859
151	123	0.56705
151	124	0.512146
151	125	0.525381
151	126	0.603774
151	127	0.595376
151	128	0.606383
151	129	0.594595
151	130	0.315789
151	131	0.153846
151	132	0.2
151	133	0.181818
151	139	0.166667
152	94	0.0102041
152	95	0.111111
152	96	0.180451
152	97	0.0804348
152	98	0.209719
152	99	0.487654
152	100	0.30566
152	101	0.6
152	102	0.43883
152	103	0.570388
152	104	0.575238
152	105	0.562974
152	106	0.694071
152	107	0.673611
152	108	0.709869
152	109	0.780944
152	110	0.783168
152	111	0.704299
152	112	0.580126
152	113	0.503471
152	114	0.452707
152	115	0.512868
152	116	0.510803
152	117	0.591286
152	118	0.584532
152	119	0.528246
152	120	0.514322
152	121	0.543273
152	122	0.56
152	123	0.534776
152	124	0.529963
152	125	0.607955
152	126	0.558442
152	127	0.525547
152	128	0.579545
152	129	0.28
152	130	0.545455
152	131	0.333333
152	132	0.333333
152	133	0.769231
152	134	0.2
152	135	0.5
153	91	0.0416667
153	92	0.0120482
153	93	0.0133333
153	94	0.030303
153	95	0.073913
153	96	0.0992063
153	97	0.0891473
153	98	0.37415
153	99	0.452632
153	100	0.534031
153	101	0.510903
153	102	0.615385
153	103	0.744986
153	104	0.746667
153	105	0.746901
153	106	0.79211
153	107	0.829499
153	108	0.825407
153	109	0.822003
153	110	0.756933
153	111	0.677078
153	112	0.628583
153	113	0.564601
153	114	0.49788
153	115	0.558411
153	116	0.600688
153	117	0.667503
153	118	0.630829
153	119	0.496986
153	120	0.632282
153	121	0.621075
153	122	0.570267
153	123	0.583904
153	124	0.491139
153	125	0.467249
153	126	0.527174
153	127	0.536842
153	128	0.463415
153	129	0.5
153	130	0.166667
153	132	0.529412
153	133	0.25
153	134	0.333333
153	135	0.142857
154	92	0.025
154	93	0.0816327
154	94	0.043659
154	95	0.0918635
154	96	0.235602
154	97	0.244224
154	98	0.49162
154	99	0.660232
154	100	0.627273
154	101	0.60241
154	102	0.832184
154	103	0.863248
154	104	0.877426
154	105	0.795181
154	106	0.832096
154	107	0.842557
154	108	0.854807
154	109	0.817906
154	110	0.723235
154	111	0.640714
154	112	0.617377
154	113	0.551812
154	114	0.524852
154	115	0.614586
154	116	0.589077
154	117	0.629334
154	118	0.582384
154	119	0.37309
154	120	0.557786
154	121	0.584429
154	122	0.584046
154	123	0.532189
154	124	0.448276
154	125	0.598291
154	126	0.412214
154	127	0.412281
154	128	0.324324
154	129	0.466667
154	130	0.25
154	131	0.222222
154	132	0.375
155	93	0.0540541
155	94	0.0638298
155	95	0.179487
155	96	0.224719
155	97	0.554622
155	98	0.512605
155	99	0.687179
155	100	0.773663
155	101	0.804965
155	102	0.823322
155	103	0.790419
155	104	0.810398
155	105	0.759221
155	106	0.81716
155	107	0.835616
155	108	0.810802
155	109	0.775356
155	110	0.712655
155	111	0.665878
155	112	0.644071
155	113	0.631308
155	114	0.589954
155	115	0.653663
155	116	0.630943
155	117	0.648649
155	118	0.503985
155	119	0.44354
155	120	0.539492
155	121	0.607143
155	122	0.614286
155	123	0.584296
155	124	0.501425
155	125	0.582524
155	126	0.551724
155	127	0.531646
155	128	0.514286
155	129	0.25
155	130	0.24
155	131	0.153846
155	133	0.5
155	134	0.666667
156	92	0.0555556
156	94	0.111111
156	95	0.421053
156	96	0.689189
156	97	0.598039
156	98	0.586538
156	99	0.784
156	100	0.775
156	101	0.866894
156	102	0.848297
156	103	0.841402
156	104	0.833157
156	105	0.768889
156	106	0.817358
156	107	0.768595
156	108	0.72357
156	109	0.729251
156	110	0.689784
156	111	0.646485
156	112	0.631788
156	113	0.610512
156	114	0.61828
156	115	0.617837
156	116	0.663902
156	117	0.635521
156	118	0.45436
156	119	0.615097
156	120	0.564652
156	121	0.639013
156	122	0.612963
156	123	0.539801
156	124	0.465574
156	125	0.663415
156	126	0.719178
156	127	0.666667
156	128	0.388889
156	129	0.238095
156	130	0.115385
156	131	0.0909091
156	132	0.111111
156	133	0.2
156	134	0.333333
157	92	0.1
157	93	0.514286
157	94	0.740741
157	95	0.859649
157	96	0.709677
157	97	0.637363
157	98	0.726316
157	99	0.726415
157	100	0.842424
157	101	0.900356
157	102	0.812977
157	103	0.927788
157	104	0.866442
157	105	0.82659
157	106	0.827818
157	107	0.75646
157	108	0.713328
157	109	0.702183
157	110	0.712456
157	111	0.669531
157	112	0.626737
157	113	0.550917
157	114	0.652101
157	115	0.709423
157	116	0.745595
157	117	0.652804
157	118	0.513046
157	119	0.661299
157	120	0.660489
157	121	0.696233
157	122	0.671488
157	123	0.658291
157	124	0.648718
157	125	0.649606
157	126	0.678571
157	127	0.5875
157	128	0.323529
157	129	0.0555556
157	130	0.181818
157	132	0.285714
157	134	0.4
158	93	0.125
158	94	0.52
158	95	0.578947
158	96	0.659574
158	97	0.571429
158	98	0.771429
158	99	0.636364
158	100	0.818182
158	101	0.886926
158	102	0.903461
158	103	0.868472
158	104	0.855609
158	105	0.770408
158	106	0.815635
158	107	0.728327
158	108	0.707109
158	109	0.725373
158	110	0.716088
158	111	0.599039
158	112	0.695884
158	113	0.695402
158	114	0.696335
158	115	0.763865
158	116	0.758438
158	117	0.76499
158	118	0.640496
158	119	0.722986
158	120	0.708729
158	121	0.755
158	122	0.646119
158	123	0.662614
158	124	0.579937
158	125	0.636364
158	126	0.674797
158	127	0.647059
158	128	0.448276
158	129	0.0740741
158	130	0.75
158	132	0.0833333
158	133	0.333333
158	134	0.4
158	137	0.5
159	92	0.0625
159	93	0.222222
159	95	0.590909
159	96	0.347826
159	97	0.804878
159	98	0.577778
159	99	0.657895
159	100	0.771429
159	101	0.870192
159	102	0.798507
159	103	0.773364
159	104	0.843112
159	105	0.733408
159	106	0.719906
159	107	0.708845
159	108	0.699228
159	109	0.743715
159	110	0.717545
159	111	0.668561
159	112	0.674726
159	113	0.692927
159	114	0.718634
159	115	0.771758
159	116	0.751652
159	117	0.814237
159	118	0.719603
159	119	0.720131
159	120	0.698361
159	121	0.697063
159	122	0.696104
159	123	0.702422
159	124	0.514085
159	125	0.576159
159	126	0.759494
159	127	0.5
159	128	0.363636
159	129	0.222222
159	131	0.2
159	132	0.142857
159	134	0.333333
160	93	0.25
160	95	0.0909091
160	96	0.611111
160	97	0.307692
160	98	0.533333
160	99	0.538462
160	100	0.4
160	101	0.707071
160	102	0.68
160	103	0.74359
160	104	0.761421
160	105	0.712766
160	106	0.709677
160	107	0.72316
160	108	0.735405
160	109	0.666233
160	110	0.664816
160	111	0.675036
160	112	0.674608
160	113	0.70326
160	114	0.729692
160	115	0.793308
160	116	0.82441
160	117	0.839312
160	118	0.760855
160	119	0.790568
160	120	0.794413
160	121	0.807194
160	122	0.68262
160	123	0.657371
160	124	0.625
160	125	0.634483
160	126	0.772414
160	127	0.615385
160	128	0.764706
160	129	0.181818
160	130	0.1
161	95	0.111111
161	96	0.166667
161	97	0.142857
161	98	0.62963
161	99	0.32
161	100	0.243243
161	101	0.555556
161	102	0.560748
161	103	0.68254
161	104	0.756983
161	105	0.63365
161	106	0.733802
161	107	0.728304
161	108	0.720377
161	109	0.704558
161	110	0.706422
161	111	0.660366
161	112	0.662726
161	113	0.711147
161	114	0.705699
161	115	0.773585
161	116	0.779887
161	117	0.824848
161	118	0.69052
161	119	0.734903
161	120	0.757709
161	121	0.782353
161	122	0.660969
161	123	0.709804
161	124	0.548043
161	125	0.669118
161	126	0.775
161	127	0.584906
161	128	0.285714
161	130	0.1
162	96	0.0909091
162	97	0.266667
162	98	0.535714
162	99	0.222222
162	100	0.431034
162	101	0.324561
162	102	0.527523
162	103	0.491228
162	104	0.651032
162	105	0.653798
162	106	0.748239
162	107	0.758766
162	108	0.8
162	109	0.734403
162	110	0.691602
162	111	0.708443
162	112	0.711475
162	113	0.758311
162	114	0.78381
162	115	0.782281
162	116	0.781022
162	117	0.842949
162	118	0.66405
162	119	0.546999
162	120	0.749129
162	121	0.707361
162	122	0.617647
162	123	0.641129
162	124	0.492857
162	125	0.864253
162	126	0.532051
162	127	0.65625
162	128	0.133333
162	129	0.1
162	130	0.222222
163	96	0.0666667
163	97	0.263158
163	98	0.384615
163	99	0.36
163	100	0.2
163	101	0.521978
163	102	0.347107
163	103	0.611675
163	104	0.687919
163	105	0.706667
163	106	0.796816
163	107	0.758148
163	108	0.777185
163	109	0.747504
163	110	0.750162
163	111	0.735927
163	112	0.757491
163	113	0.752029
163	114	0.796171
163	115	0.801735
163	116	0.834842
163	117	0.745736
163	118	0.681342
163	119	0.811765
163	120	0.745803
163	121	0.681416
163	122	0.626263
163	123	0.634783
163	124	0.537975
163	125	0.692308
163	126	0.604938
163	127	0.324324
163	128	0.230769
163	129	0.133333
163	130	0.0769231
164	96	0.08
164	97	0.142857
164	98	0.0588235
164	99	0.327869
164	100	0.14
164	101	0.282609
164	102	0.428571
164	103	0.597701
164	104	0.664706
164	105	0.732558
164	106	0.840708
164	107	0.768379
164	108	0.791696
164	109	0.676383
164	110	0.663837
164	111	0.811966
164	112	0.735514
164	113	0.693662
164	114	0.781414
164	115	0.802956
164	116	0.760656
164	117	0.845361
164	118	0.746835
164	119	0.814159
164	120	0.766447
164	121	0.720779
164	122	0.525362
164	123	0.629268
164	124	0.544304
164	125	0.571429
164	126	0.5
164	127	0.428571
164	128	0.111111
164	129	0.333333
164	130	0.142857
165	98	0.166667
165	99	0.423423
165	100	0.404762
165	101	0.227941
165	102	0.375661
165	103	0.661765
165	104	0.855576
165	105	0.754545
165	106	0.823222
165	107	0.78338
165	108	0.812701
165	109	0.782946
165	110	0.785785
165	111	0.807273
165	112	0.810863
165	113	0.770964
165	114	0.814815
165	115	0.793182
165	116	0.761538
165	117	0.76699
165	118	0.752896
165	119	0.787671
165	120	0.63806
165	121	0.678161
165	122	0.454212
165	123	0.71123
165	124	0.585987
165	125	0.576923
165	126	0.483607
165	127	0.210526
165	129	0.222222
166	99	0.126761
166	100	0.151899
166	101	0.30303
166	102	0.337931
166	103	0.653465
166	104	0.799528
166	105	0.753275
166	106	0.808011
166	107	0.803109
166	108	0.75523
166	109	0.821687
166	110	0.820789
166	111	0.876494
166	112	0.791781
166	113	0.824197
166	114	0.774536
166	115	0.716561
166	116	0.73913
166	117	0.686567
166	118	0.618557
166	119	0.671569
166	120	0.597938
166	121	0.691589
166	122	0.417391
166	123	0.48951
166	124	0.4375
166	125	0.2
166	126	0.242105
166	127	0.12
166	128	0.111111
166	129	0.2
166	131	0.285714
167	98	0.0246914
167	99	0.285714
167	100	0.395161
167	101	0.26087
167	102	0.541667
167	103	0.596273
167	104	0.765363
167	105	0.715385
167	106	0.807571
167	107	0.810084
167	108	0.819948
167	109	0.88992
167	110	0.830925
167	111	0.848665
167	112	0.835539
167	113	0.795031
167	114	0.754789
167	115	0.695279
167	116	0.751351
167	117	0.679245
167	118	0.712644
167	119	0.666667
167	120	0.62766
167	121	0.709302
167	122	0.461538
167	123	0.322917
167	124	0.254717
167	125	0.0840336
167	126	0.195876
167	127	0.0434783
167	129	0.111111
168	97	0.119048
168	98	0.0555556
168	99	0.27957
168	100	0.429577
168	101	0.471698
168	102	0.548387
168	103	0.431034
168	104	0.73617
168	105	0.603989
168	106	0.771008
168	107	0.794521
168	108	0.864662
168	109	0.854932
168	110	0.855914
168	111	0.822581
168	112	0.795977
168	113	0.7277
168	114	0.710983
168	115	0.680556
168	116	0.626263
168	117	0.583333
168	118	0.670455
168	119	0.563636
168	120	0.562814
168	121	0.52973
168	122	0.305263
168	123	0.329114
168	124	0.2
168	125	0.0350877
168	126	0.135135
168	127	0.0833333
168	129	0.166667
169	94	0.0322581
169	95	0.0384615
169	96	0.0967742
169	97	0.0566038
169	98	0.220588
169	99	0.201923
169	100	0.644628
169	101	0.59542
169	102	0.681818
169	103	0.718367
169	104	0.902792
169	105	0.671533
169	106	0.763258
169	107	0.772414
169	108	0.871579
169	109	0.788732
169	110	0.871233
169	111	0.866492
169	112	0.747059
169	113	0.636816
169	114	0.541353
169	115	0.490566
169	116	0.552239
169	117	0.61194
169	118	0.62963
169	119	0.488095
169	120	0.55
169	121	0.490196
169	122	0.277778
169	123	0.25
169	124	0.164557
169	125	0.0491803
169	126	0.132653
170	93	0.0434783
170	94	0.111111
170	95	0.121951
170	96	0.121212
170	97	0.142857
170	98	0.2
170	99	0.0921053
170	100	0.352113
170	101	0.383838
170	102	0.458333
170	103	0.604651
170	104	0.73903
170	105	0.681319
170	106	0.71134
170	107	0.778894
170	108	0.792531
170	109	0.847737
170	110	0.839827
170	111	0.764286
170	112	0.613636
170	113	0.596491
170	114	0.482759
170	115	0.42029
170	116	0.410714
170	117	0.389831
170	118	0.575758
170	119	0.43662
170	120	0.534653
170	121	0.482456
170	122	0.214953
170	123	0.257143
170	124	0.135802
170	125	0.029304
170	126	0.139535
171	93	0.0454545
171	94	0.047619
171	95	0.0333333
171	97	0.0666667
171	98	0.121212
171	99	0.15625
171	100	0.348837
171	101	0.564516
171	102	0.268293
171	103	0.69898
171	104	0.692308
171	105	0.725352
171	106	0.664706
171	107	0.736842
171	108	0.810056
171	109	0.90146
171	110	0.71028
171	111	0.669355
171	112	0.582418
171	113	0.57377
171	114	0.487805
171	115	0.227273
171	116	0.320755
171	117	0.46875
171	118	0.42
171	119	0.517857
171	120	0.661017
171	121	0.506329
171	122	0.190083
171	123	0.320513
171	124	0.155172
171	125	0.0100503
171	126	0.0128205
171	128	0.142857
172	98	0.166667
172	99	0.0869565
172	100	0.107143
172	101	0.132743
172	102	0.237705
172	103	0.432
172	104	0.649007
172	105	0.685714
172	106	0.69697
172	107	0.67033
172	108	0.711111
172	109	0.791304
172	110	0.855769
172	111	0.757143
172	112	0.56
172	113	0.423077
172	114	0.234043
172	115	0.25
172	116	0.257143
172	117	0.2
172	118	0.645161
172	119	0.454545
172	120	0.589286
172	121	0.477612
172	122	0.282051
172	123	0.263889
172	124	0.0985915
172	125	0.00625
172	126	0.030303
173	98	0.111111
173	99	0.05
173	100	0.1
173	101	0.105263
173	102	0.363636
173	103	0.138462
173	104	0.671429
173	105	0.590164
173	106	0.829268
173	107	0.638298
173	108	0.75641
173	109	0.709677
173	110	0.72
173	111	0.608696
173	112	0.363636
173	113	0.325581
173	114	0.242424
173	115	0.266667
173	116	0.269231
173	117	0.466667
173	118	0.333333
173	119	0.605263
173	120	0.83871
173	121	0.402985
173	122	0.229885
173	123	0.282609
173	124	0.0740741
173	125	0.00647948
174	101	0.0434783
174	102	0.487179
174	103	0.535714
174	104	0.695652
174	105	0.416667
174	106	0.5
174	107	0.615385
174	108	0.792453
174	109	0.627451
174	110	0.557692
174	111	0.28125
174	112	0.275
174	113	0.270833
174	114	0.26087
174	115	0.354839
174	116	0.266667
174	117	0.214286
174	118	0.290323
174	119	0.645161
174	120	0.619048
174	121	0.354839
174	122	0.146667
174	123	0.344828
174	124	0.0714286
174	125	0.01
174	126	0.0384615
175	101	0.0740741
175	102	0.277778
175	103	0.15
175	104	0.35
175	105	0.36
175	106	0.44
175	107	0.47619
175	108	0.515152
175	109	0.7
175	110	0.485714
175	111	0.194444
175	112	0.357143
175	113	0.25
175	114	0.275862
175	115	0.411765
175	116	0.285714
175	117	0.285714
175	118	0.363636
175	119	0.307692
175	120	0.133333
175	122	0.114754
175	123	0.0697674
175	124	0.1
175	125	0.0106383
176	101	0.166667
176	102	0.142857
176	103	0.272727
176	104	0.3125
176	105	0.5
176	106	0.466667
176	107	0.615385
176	108	0.6
176	109	0.461538
176	110	0.448276
176	111	0.351852
176	112	0.354839
176	113	0.346154
176	114	0.135135
176	115	0.3125
176	117	0.222222
176	118	0.333333
176	119	0.125
176	122	0.0697674
176	123	0.0769231
176	124	0.08
177	99	0.5
177	100	0.2
177	101	0.230769
177	102	0.166667
177	103	0.2
177	104	0.625
177	105	0.583333
177	106	0.5
177	107	0.428571
177	108	0.416667
177	109	0.548387
177	110	0.289474
177	111	0.257143
177	112	0.241379
177	113	0.307692
177	114	0.181818
177	115	0.125
177	116	0.333333
177	117	0.333333
177	118	0.285714
177	121	0.0909091
177	124	0.0714286
177	125	0.125
178	101	0.25
178	102	0.375
178	103	0.428571
178	104	0.363636
178	105	0.6
178	106	0.714286
178	107	0.428571
178	108	0.307692
178	109	0.526316
178	110	0.217391
178	111	0.25
178	112	0.416667
178	113	0.125
178	114	0.294118
178	115	0.0833333
178	116	1
178	124	0.0555556
179	100	0.142857
179	101	0.666667
179	102	0.615385
179	103	0.25
179	104	0.571429
179	105	0.3
179	106	0.666667
179	107	0.2
179	108	0.307692
179	109	0.258065
179	110	0.261905
179	111	0.1875
179	112	0.277778
179	113	0.2
179	114	0.363636
180	99	0.333333
180	100	0.454545
180	101	0.555556
180	102	0.454545
180	103	0.5
180	104	0.5
180	105	0.142857
180	106	0.428571
180	107	0.416667
180	108	0.16
180	109	0.325
180	110	0.137931
180	111	0.318182
180	112	0.2
180	113	0.5
180	114	0.166667
180	115	0.333333
180	116	0.5
180	124	0.0166667
180	125	0.333333
181	99	0.6
181	100	0.2
181	101	0.583333
181	102	0.555556
181	103	0.625
181	104	0.2
181	105	0.3
181	106	0.333333
181	107	0.310345
181	108	0.25
181	109	0.166667
181	110	0.111111
181	111	0.111111
181	113	0.111111
181	114	0.333333
181	117	1
182	99	0.333333
182	100	0.8
182	102	0.4
182	103	0.833333
182	104	0.4
182	105	0.2
182	106	0.375
182	107	0.133333
182	108	0.111111
182	109	0.145833
182	110	0.2
182	111	0.157895
182	112	0.2
182	113	0.3
183	99	0.25
183	100	0.333333
183	101	0.333333
183	102	0.75
183	103	0.363636
183	104	0.75
183	105	0.416667
183	106	0.0769231
183	107	0.194444
183	108	0.0545455
183	109	0.132075
183	110	0.1
183	113	0.4
183	114	0.5
183	118	0.5
184	101	0.2
184	102	0.5
184	103	0.2
184	104	0.3
184	105	0.277778
184	106	0.1
184	107	0.119048
184	108	0.00990099
184	110	0.119048
184	111	0.136364
184	112	0.142857
184	114	0.25
185	100	1
185	102	0.2
185	103	0.125
185	104	0.2
185	105	0.25
185	106	0.162162
185	107	0.028169
185	108	0.0133333
185	109	0.02
185	110	0.0526316
185	111	0.0555556
185	112	0.294118
186	101	0.4
186	102	0.333333
186	103	0.25
186	105	0.0555556
186	106	0.0277778
186	108	0.00647249
186	110	0.0212766
186	111	0.0588235
186	112	0.0625
187	99	0.333333
187	100	0.25
187	102	0.25
187	103	0.333333
187	104	0.111111
187	105	0.142857
187	106	0.0192308
187	107	0.00403226
187	109	0.00172712
187	111	0.030303
187	112	0.125
188	101	0.142857
188	103	0.2
188	105	0.0243902
188	107	0.0026178
189	106	0.0333333
189	109	0.00406504
190	100	1
190	104	0.2
190	111	0.0625
191	100	1
191	109	0.0243902
193	107	0.0285714
