106	148	0.0169492
106	149	0.0147059
107	145	0.0138889
111	143	0.00684932
112	143	0.00136799
115	140	0.00126422
116	135	0.00283286
116	139	0.00326797
116	158	0.0277778
117	139	0.0025
117	140	0.00192123
118	105	0.0031746
118	106	0.00275482
118	136	0.00100503
118	137	0.000651042
118	138	0.000703235
118	139	0.00150716
118	143	0.00178891
119	99	0.00421941
119	104	0.00324675
119	135	0.000922084
119	136	0.00192493
119	137	0.00106045
119	138	0.00188561
119	139	0.000570451
119	141	0.000886525
119	142	0.000882613
119	145	0.00610998
120	100	0.00404858
120	110	0.0034965
120	131	0.000971817
120	134	0.00119237
120	135	0.000647459
120	136	0.000805477
120	137	0.000246305
120	138	0.000847817
121	92	0.00555556
121	105	0.00320513
121	113	0.00357143
121	131	0.00161638
121	133	0.000590842
121	134	0.000133511
121	135	0.000302526
121	136	0.000785546
121	137	0.00101471
121	138	0.00172117
121	139	0.0011215
121	145	0.0025
121	146	0.00289855
122	104	0.00330033
122	112	0.00380228
122	114	0.00358423
122	116	0.00321543
122	125	0.00159744
122	129	0.000902527
122	131	0.000293169
122	132	0.000369004
122	133	0.000288475
122	134	0.000315093
122	135	0.00121149
122	136	0.00145985
122	137	0.000501128
122	138	0.000243962
122	143	0.00191939
122	144	0.00473934
123	100	0.00316456
123	101	0.003125
123	110	0.00413223
123	121	0.00258398
123	123	0.00516796
123	124	0.00571429
123	125	0.00220264
123	126	0.00277778
123	128	0.00187793
123	129	0.000543183
123	130	0.000769231
123	131	0.000308737
123	132	0.000304599
123	133	0.00127584
123	134	0.000582072
123	135	0.000956328
123	137	0.000423908
123	138	0.000990099
123	139	0.000684932
123	143	0.00422833
123	144	0.00488998
124	96	0.00223714
124	100	0.00472813
124	107	0.00292398
124	108	0.003003
124	112	0.00357143
124	113	0.00359712
124	117	0.00303951
124	122	0.0015674
124	123	0.00192308
124	124	0.00091954
124	125	0.000417711
124	127	0.00115722
124	128	0.00179276
124	129	0.00123762
124	130	0.000974795
124	131	0.000858159
124	132	0.000933998
124	133	0.00152936
124	134	0.00103734
124	135	0.00261438
124	136	0.000220556
124	137	0.00128064
124	138	0.000455892
124	140	0.000960615
124	141	0.00244798
124	142	0.00689655
124	143	0.00863931
124	144	0.00598802
124	145	0.0042735
125	100	0.0034965
125	104	0.00352113
125	108	0.00696864
125	112	0.00325733
125	114	0.00671141
125	117	0.00361011
125	120	0.00163399
125	121	0.000906208
125	123	0.00249169
125	124	0.00412088
125	125	0.00213129
125	126	0.000383142
125	127	0.000625586
125	128	0.000750268
125	129	0.000973766
125	130	0.000590975
125	131	0.00138442
125	132	0.00207672
125	133	0.00139276
125	134	0.000339597
125	135	0.000467126
125	136	0.000822368
125	137	0.000358551
125	139	0.000660939
125	141	0.00379267
125	142	0.00625
125	143	0.00480769
125	144	0.0286738
125	145	0.0349345
125	146	0.0230415
125	147	0.0222222
126	105	0.00469484
126	111	0.00403226
126	114	0.00465116
126	115	0.0108108
126	117	0.00289017
126	119	0.00136612
126	120	0.000660066
126	121	0.00219459
126	123	0.00135196
126	124	0.000654165
126	125	0.00115875
126	126	0.00164584
126	127	0.00151385
126	128	0.00156663
126	129	0.000917904
126	130	0.00172028
126	131	0.00107987
126	132	0.00145309
126	133	0.000690304
126	134	0.000701836
126	135	0.00132551
126	136	0.000283688
126	137	0.000852878
126	138	0.00187266
126	139	0.00534283
126	140	0.00402145
126	141	0.0127737
126	142	0.0278481
126	143	0.0223881
126	144	0.0659898
126	145	0.0130719
126	146	0.11
126	147	0.0263158
127	101	0.00645161
127	108	0.00591716
127	112	0.00529101
127	115	0.00729927
127	116	0.0100334
127	117	0.00314465
127	118	0.00531915
127	119	0.0019084
127	120	0.00141643
127	121	0.00419111
127	122	0.00112254
127	123	0.00356849
127	124	0.00171925
127	125	0.00259173
127	126	0.00669763
127	127	0.00545316
127	128	0.00220583
127	129	0.00170271
127	130	0.00217538
127	131	0.00173842
127	132	0.0020169
127	133	0.000687649
127	134	0.000448873
127	135	0.000810045
127	136	0.00213447
127	137	0.00220022
127	138	0.0074565
127	139	0.00980392
127	140	0.0294118
127	141	0.0205279
127	142	0.055
127	143	0.0813953
127	144	0.0777778
127	145	0.0517241
127	153	0.333333
128	99	0.00847458
128	105	0.008
128	106	0.00724638
128	112	0.00239234
128	113	0.0015949
128	114	0.00700935
128	115	0.0034632
128	116	0.00291545
128	117	0.00074239
128	118	0.000914077
128	119	0.00285307
128	120	0.00295461
128	121	0.0028197
128	122	0.00514013
128	123	0.0137165
128	124	0.0103288
128	125	0.0108568
128	126	0.0118789
128	127	0.0218527
128	128	0.00535234
128	129	0.00121532
128	130	0.00244766
128	131	0.00137531
128	132	0.00312028
128	133	0.000921659
128	134	0.00444994
128	135	0.00514019
128	136	0.00606061
128	137	0.00999001
128	138	0.0168712
128	139	0.0249377
128	140	0.023569
128	141	0.0351759
128	142	0.0522388
128	143	0.0597015
128	144	0.190476
128	145	0.238095
128	146	0.0666667
129	107	0.0215054
129	109	0.00518135
129	110	0.00727273
129	112	0.00162514
129	113	0.00342857
129	114	0.00878156
129	115	0.00275989
129	116	0.00436999
129	117	0.000520833
129	118	0.0109019
129	119	0.00642742
129	120	0.00259067
129	121	0.0108188
129	122	0.0068917
129	123	0.0165724
129	124	0.0285031
129	125	0.0274706
129	126	0.0641046
129	127	0.0886357
129	128	0.00899246
129	129	0.00296268
129	130	0.0104895
129	131	0.00707384
129	132	0.00782155
129	133	0.0108066
129	134	0.00962773
129	135	0.0208711
129	136	0.0330935
129	137	0.0298165
129	138	0.0595611
129	139	0.0576923
129	140	0.131579
129	141	0.226667
129	142	0.180556
129	143	0.25641
129	144	0.285714
129	145	0.272727
130	106	0.00729927
130	107	0.00404858
130	110	0.00261097
130	111	0.000548095
130	112	0.00104775
130	113	0.00158322
130	114	0.00411711
130	115	0.00640847
130	116	0.0241096
130	117	0.0113025
130	118	0.00860832
130	119	0.0100503
130	120	0.00484125
130	121	0.00840515
130	122	0.0165695
130	123	0.0418637
130	124	0.0543029
130	125	0.0830504
130	126	0.225195
130	127	0.0774494
130	128	0.0301431
130	129	0.0230359
130	130	0.0214408
130	131	0.016482
130	132	0.0163414
130	133	0.0242571
130	134	0.0390625
130	135	0.0621019
130	136	0.0997305
130	137	0.093617
130	138	0.111111
130	139	0.153846
130	140	0.189189
130	141	0.180328
130	142	0.2
130	143	0.0952381
131	104	0.00414938
131	107	0.00097371
131	108	0.000600962
131	109	0.00302343
131	110	0.00329815
131	111	0.000839278
131	112	0.00267094
131	113	0.00125117
131	114	0.0129252
131	115	0.0123711
131	116	0.0309187
131	117	0.0193871
131	118	0.0201843
131	119	0.0129644
131	120	0.0123267
131	121	0.0285201
131	122	0.0547404
131	123	0.0764956
131	124	0.0974228
131	125	0.28033
131	126	0.287267
131	127	0.0968734
131	128	0.0726836
131	129	0.0333016
131	130	0.0347799
131	131	0.042004
131	132	0.0468956
131	133	0.057596
131	134	0.0843373
131	135	0.0918919
131	136	0.133971
131	137	0.209677
131	138	0.150943
131	139	0.192982
131	140	0.142857
131	143	0.04
131	148	1
132	95	0.0212766
132	99	0.0149254
132	100	0.0181818
132	101	0.0126582
132	102	0.00990099
132	103	0.0102041
132	108	0.0198675
132	109	0.010917
132	111	0.00993377
132	112	0.0103734
132	113	0.0384615
132	114	0.0588235
132	115	0.0570934
132	116	0.0405594
132	117	0.027833
132	118	0.0411805
132	119	0.054631
132	120	0.0402203
132	121	0.0710288
132	122	0.079142
132	123	0.123977
132	124	0.180062
132	125	0.273456
132	126	0.245108
132	127	0.116067
132	128	0.0659509
132	129	0.0506766
132	130	0.0538256
132	131	0.0429918
132	132	0.0652971
132	133	0.0842956
132	134	0.110024
132	135	0.146226
132	136	0.181102
132	137	0.129032
132	138	0.0714286
132	139	0.121212
132	140	0.0526316
132	141	0.0666667
132	142	0.222222
132	148	1
133	77	0.2
133	88	0.047619
133	104	0.00946372
133	105	0.0166667
133	106	0.0135135
133	107	0.0157895
133	108	0.0140056
133	109	0.0109689
133	110	0.00665779
133	111	0.00274474
133	112	0.00421687
133	113	0.0176252
133	114	0.0386941
133	115	0.0225464
133	116	0.0659341
133	117	0.0627154
133	118	0.0607384
133	119	0.0524518
133	120	0.0477039
133	121	0.116308
133	122	0.108396
133	123	0.199458
133	124	0.255071
133	125	0.466876
133	126	0.289001
133	127	0.155148
133	128	0.0597785
133	129	0.0424669
133	130	0.0568937
133	131	0.0664911
133	132	0.106286
133	133	0.1648
133	134	0.165714
133	135	0.195402
133	136	0.141935
133	137	0.125
133	138	0.0294118
133	140	0.0588235
134	95	0.0588235
134	96	0.0333333
134	97	0.0731707
134	98	0.0212766
134	99	0.0392157
134	100	0.0754717
134	101	0.0779221
134	102	0.075
134	103	0.0408163
134	104	0.0412371
134	105	0.0204082
134	106	0.0044843
134	107	0.0195312
134	108	0.0155039
134	109	0.00165563
134	110	0.00363141
134	111	0.00216198
134	112	0.00890302
134	113	0.0225677
134	114	0.0619469
134	115	0.0976354
134	116	0.104732
134	117	0.10403
134	118	0.0770642
134	119	0.0974861
134	120	0.0955787
134	121	0.153463
134	122	0.187768
134	123	0.277987
134	124	0.335332
134	125	0.422511
134	126	0.211074
134	127	0.115267
134	128	0.0969293
134	129	0.0540785
134	130	0.0584633
134	131	0.0936842
134	132	0.190878
134	133	0.245413
134	134	0.214035
134	135	0.360825
134	136	0.190476
134	137	0.125
134	138	0.0714286
134	139	0.1
134	140	0.05
134	141	0.142857
135	79	0.0666667
135	95	0.0689655
135	96	0.107143
135	97	0.0952381
135	98	0.102564
135	99	0.12766
135	100	0.0555556
135	101	0.0821918
135	102	0.106796
135	104	0.0381679
135	105	0.0186335
135	106	0.0251256
135	107	0.0070922
135	108	0.00537634
135	109	0.00584795
135	110	0.0451128
135	111	0.0510367
135	112	0.0738328
135	113	0.112516
135	114	0.120674
135	115	0.175962
135	116	0.1916
135	117	0.14837
135	118	0.216857
135	119	0.151224
135	120	0.163658
135	121	0.178008
135	122	0.334561
135	123	0.345001
135	124	0.416604
135	125	0.407718
135	126	0.259869
135	127	0.15891
135	128	0.0903477
135	129	0.0888889
135	130	0.0994526
135	131	0.0968858
135	132	0.210526
135	133	0.295302
135	134	0.183168
135	135	0.347826
135	136	0.075
135	137	0.129032
136	74	0.2
136	80	0.047619
136	91	0.0344828
136	98	0.0408163
136	99	0.0222222
136	100	0.0735294
136	101	0.0659341
136	102	0.0860215
136	103	0.217391
136	104	0.196078
136	105	0.132948
136	106	0.226601
136	107	0.0663507
136	108	0.114068
136	109	0.0319149
136	110	0.0267261
136	111	0.0461812
136	112	0.0408372
136	113	0.0704787
136	114	0.176962
136	115	0.24214
136	116	0.291242
136	117	0.236945
136	118	0.186801
136	119	0.225764
136	120	0.196941
136	121	0.298536
136	122	0.367627
136	123	0.327224
136	124	0.376237
136	125	0.351804
136	126	0.354501
136	127	0.220406
136	128	0.171144
136	129	0.165131
136	130	0.167183
136	131	0.176039
136	132	0.234742
136	133	0.297468
136	134	0.104839
136	135	0.346154
136	136	0.0666667
136	137	0.0454545
137	91	0.0434783
137	99	0.02
137	101	0.0210526
137	102	0.00743494
137	103	0.00617284
137	104	0.0265957
137	105	0.0364583
137	106	0.117978
137	107	0.173913
137	108	0.101911
137	109	0.124242
137	110	0.0780856
137	111	0.0766773
137	112	0.0641509
137	113	0.123314
137	114	0.223665
137	115	0.328467
137	116	0.278193
137	117	0.23066
137	118	0.257627
137	119	0.223072
137	120	0.196364
137	121	0.321005
137	122	0.342201
137	123	0.321924
137	124	0.32035
137	125	0.312149
137	126	0.269129
137	127	0.121625
137	128	0.210618
137	129	0.252991
137	130	0.204134
137	131	0.236515
137	132	0.21374
137	133	0.133333
137	134	0.0588235
137	135	0.0571429
137	136	0.111111
138	89	0.0833333
138	94	0.0540541
138	102	0.00833333
138	103	0.00598802
138	105	0.0222222
138	106	0.0301724
138	107	0.199324
138	108	0.0920398
138	109	0.164835
138	110	0.110672
138	111	0.137283
138	112	0.110236
138	113	0.107647
138	114	0.189362
138	115	0.215475
138	116	0.21761
138	117	0.234644
138	118	0.212099
138	119	0.251044
138	120	0.278829
138	121	0.327372
138	122	0.340068
138	123	0.307143
138	124	0.293515
138	125	0.364168
138	126	0.221723
138	127	0.2643
138	128	0.336634
138	129	0.356627
138	130	0.333333
138	131	0.272727
138	132	0.154762
138	133	0.0816327
138	134	0.0454545
138	135	0.0454545
138	136	0.0714286
139	95	0.0169492
139	96	0.016129
139	97	0.02
139	98	0.0365854
139	99	0.0148148
139	100	0.0265487
139	101	0.024
139	102	0.0151515
139	103	0.0193548
139	104	0.0316742
139	105	0.0539568
139	106	0.048
139	107	0.0469799
139	108	0.0804878
139	109	0.10596
139	110	0.0985294
139	111	0.164983
139	112	0.110193
139	113	0.135749
139	114	0.184211
139	115	0.240346
139	116	0.223554
139	117	0.279501
139	118	0.25834
139	119	0.247465
139	120	0.317877
139	121	0.469067
139	122	0.320873
139	123	0.325014
139	124	0.361086
139	125	0.381217
139	126	0.352701
139	127	0.367882
139	128	0.362661
139	129	0.364035
139	130	0.391813
139	131	0.403226
139	132	0.0625
139	133	0.0377358
139	134	0.037037
140	103	0.013363
140	104	0.00651163
140	105	0.0123839
140	106	0.028103
140	107	0.0139594
140	108	0.0356295
140	109	0.0955631
140	110	0.0832477
140	111	0.117073
140	112	0.113998
140	113	0.177448
140	114	0.224572
140	115	0.288175
140	116	0.246245
140	117	0.286975
140	118	0.301224
140	119	0.340646
140	120	0.381601
140	121	0.492239
140	122	0.421805
140	123	0.395607
140	124	0.422615
140	125	0.448919
140	126	0.417476
140	127	0.40785
140	128	0.414706
140	129	0.351515
140	130	0.244444
140	131	0.181818
140	132	0.0666667
141	100	0.0125
141	101	0.00990099
141	102	0.0261438
141	103	0.0337079
141	104	0.00327869
141	105	0.026087
141	106	0.0207254
141	107	0.0212314
141	108	0.0510204
141	109	0.0471597
141	110	0.0711793
141	111	0.101215
141	112	0.0916265
141	113	0.168239
141	114	0.261636
141	115	0.29972
141	116	0.293788
141	117	0.338111
141	118	0.336423
141	119	0.396035
141	120	0.423089
141	121	0.44472
141	122	0.478932
141	123	0.50602
141	124	0.475276
141	125	0.402928
141	126	0.425
141	127	0.341584
141	128	0.343612
141	129	0.247619
141	130	0.0769231
141	131	0.0697674
141	132	0.0277778
142	99	0.00952381
142	103	0.0183486
142	104	0.0127226
142	105	0.0141414
142	106	0.00990099
142	107	0.0077187
142	108	0.0303541
142	109	0.0345404
142	110	0.0436364
142	111	0.0874462
142	112	0.116811
142	113	0.182901
142	114	0.26535
142	115	0.340269
142	116	0.292525
142	117	0.359957
142	118	0.458508
142	119	0.442737
142	120	0.46259
142	121	0.506642
142	122	0.539171
142	123	0.509964
142	124	0.479755
142	125	0.425094
142	126	0.475046
142	127	0.29003
142	128	0.274809
142	129	0.141176
142	130	0.0666667
142	131	0.0333333
142	133	0.0333333
142	134	0.047619
143	99	0.00714286
143	101	0.00662252
143	102	0.0103896
143	103	0.0158311
143	104	0.0100503
143	105	0.00583942
143	106	0.00750469
143	107	0.00886382
143	108	0.0167079
143	109	0.0271605
143	110	0.0355505
143	111	0.123928
143	112	0.231219
143	113	0.246166
143	114	0.346126
143	115	0.416743
143	116	0.322398
143	117	0.430209
143	118	0.419647
143	119	0.439464
143	120	0.400788
143	121	0.490009
143	122	0.510888
143	123	0.48952
143	124	0.418048
143	125	0.3875
143	126	0.380208
143	127	0.202479
143	128	0.231707
143	129	0.0943396
143	132	0.0384615
143	133	0.0384615
144	102	0.0025974
144	103	0.00120919
144	104	0.0029615
144	105	0.00704225
144	106	0.0110063
144	107	0.0138648
144	108	0.0146672
144	109	0.0193952
144	110	0.0589212
144	111	0.179173
144	112	0.294828
144	113	0.318884
144	114	0.382794
144	115	0.430673
144	116	0.435541
144	117	0.457637
144	118	0.406587
144	119	0.478943
144	120	0.460889
144	121	0.451302
144	122	0.467742
144	123	0.406412
144	124	0.313912
144	125	0.235622
144	126	0.3
144	127	0.238994
144	128	0.138889
144	129	0.0666667
144	130	0.0434783
144	132	0.0588235
145	98	0.0046729
145	99	0.00179533
145	103	0.00567537
145	104	0.00315209
145	105	0.00540054
145	106	0.00691244
145	107	0.0114007
145	108	0.0147059
145	109	0.0492611
145	110	0.096287
145	111	0.20664
145	112	0.301139
145	113	0.280612
145	114	0.392819
145	115	0.431499
145	116	0.448464
145	117	0.506503
145	118	0.429303
145	119	0.490295
145	120	0.453245
145	121	0.377556
145	122	0.206283
145	123	0.359593
145	124	0.29432
145	125	0.257485
145	126	0.25
145	127	0.137931
145	128	0.163265
145	129	0.0408163
145	130	0.0384615
145	131	0.0833333
145	132	0.1
146	97	0.00120773
146	101	0.000986193
146	103	0.00169062
146	104	0.00731261
146	105	0.00586265
146	106	0.0104167
146	107	0.0302521
146	108	0.0323465
146	109	0.0732323
146	110	0.154367
146	111	0.248389
146	112	0.291729
146	113	0.333608
146	114	0.422013
146	115	0.481737
146	116	0.518934
146	117	0.544136
146	118	0.428752
146	119	0.477017
146	120	0.432197
146	121	0.355319
146	122	0.377163
146	123	0.26096
146	124	0.290141
146	125	0.293839
146	126	0.152985
146	127	0.15
146	128	0.16129
146	129	0.0606061
146	130	0.0625
146	133	0.333333
146	134	0.2
147	99	0.000791766
147	100	0.00250941
147	101	0.000961538
147	102	0.00323625
147	103	0.00271186
147	104	0.00948509
147	105	0.0206398
147	106	0.0323034
147	107	0.0823212
147	108	0.0935391
147	109	0.171696
147	110	0.254527
147	111	0.241935
147	112	0.229832
147	113	0.41349
147	114	0.499331
147	115	0.517123
147	116	0.560078
147	117	0.459505
147	118	0.50718
147	119	0.504425
147	120	0.422424
147	121	0.411449
147	122	0.353535
147	123	0.30791
147	124	0.366142
147	125	0.335526
147	126	0.210084
147	127	0.1
147	128	0.142857
147	129	0.125
147	130	0.0833333
147	131	0.111111
148	102	0.00399202
148	103	0.0129032
148	104	0.0599078
148	105	0.124172
148	106	0.108837
148	107	0.170763
148	108	0.165173
148	109	0.212121
148	110	0.222782
148	111	0.283146
148	112	0.304996
148	113	0.471217
148	114	0.575084
148	115	0.527503
148	116	0.567627
148	117	0.426688
148	118	0.431386
148	119	0.56848
148	120	0.442724
148	121	0.447867
148	122	0.379679
148	123	0.359873
148	124	0.357447
148	125	0.38806
148	126	0.196721
148	127	0.205128
148	128	0.105263
148	129	0.25
149	100	0.00159067
149	101	0.00217234
149	102	0.00303644
149	103	0.0248538
149	104	0.0664137
149	105	0.0736842
149	106	0.112308
149	107	0.132701
149	108	0.198934
149	109	0.213699
149	110	0.294574
149	111	0.382843
149	112	0.425743
149	113	0.56382
149	114	0.558499
149	115	0.544457
149	116	0.37356
149	117	0.376884
149	118	0.397248
149	119	0.540382
149	120	0.391827
149	121	0.384146
149	122	0.382979
149	123	0.408333
149	124	0.246154
149	125	0.32
149	126	0.25
149	127	0.0408163
149	128	0.142857
150	100	0.00208768
150	101	0.00414938
150	102	0.0140845
150	103	0.0802139
150	104	0.0965147
150	105	0.234421
150	106	0.14135
150	107	0.192698
150	108	0.237668
150	109	0.297064
150	110	0.425806
150	111	0.508053
150	112	0.592771
150	113	0.595172
150	114	0.676669
150	115	0.536107
150	116	0.531062
150	117	0.467429
150	118	0.425974
150	119	0.495
150	120	0.353698
150	121	0.333333
150	122	0.377119
150	123	0.194737
150	124	0.218391
150	125	0.204082
150	126	0.0740741
150	127	0.027027
151	99	0.00154083
151	100	0.00424448
151	101	0.0173536
151	102	0.0603448
151	103	0.0732601
151	104	0.124016
151	105	0.183453
151	106	0.163462
151	107	0.177554
151	108	0.349282
151	109	0.375427
151	110	0.538175
151	111	0.642755
151	112	0.647307
151	113	0.781325
151	114	0.697345
151	115	0.297989
151	116	0.336207
151	117	0.314791
151	118	0.333809
151	119	0.214031
151	120	0.197115
151	121	0.182109
151	122	0.294118
151	123	0.1875
151	124	0.166667
151	125	0.151515
152	96	0.0181818
152	97	0.0588235
152	98	0.00675676
152	99	0.00516796
152	100	0.0473373
152	101	0.0543478
152	102	0.142857
152	103	0.0739437
152	104	0.0976864
152	105	0.226866
152	106	0.142857
152	107	0.360179
152	108	0.47619
152	109	0.547758
152	110	0.616296
152	111	0.688009
152	112	0.747614
152	113	0.704762
152	114	0.642257
152	115	0.285714
152	116	0.414634
152	117	0.276252
152	118	0.134361
152	119	0.164179
152	120	0.147849
152	121	0.25
152	122	0.196262
152	123	0.180328
152	124	0.135135
152	125	0.0333333
153	94	0.142857
153	95	0.0666667
153	96	0.176471
153	97	0.0652174
153	98	0.0384615
153	99	0.016129
153	100	0.047619
153	101	0.106195
153	102	0.208054
153	103	0.306011
153	104	0.171429
153	105	0.429825
153	106	0.511628
153	107	0.591463
153	108	0.645702
153	109	0.747145
153	110	0.668412
153	111	0.731742
153	112	0.726954
153	113	0.677719
153	114	0.613599
153	115	0.508929
153	116	0.382932
153	117	0.182948
153	118	0.0883028
153	119	0.148241
153	120	0.160428
153	121	0.141593
153	122	0.105263
153	123	0.134615
153	124	0.136364
154	92	1
154	93	0.25
154	94	0.4
154	95	0.75
154	96	0.333333
154	97	0.357143
154	98	0.333333
154	99	0.166667
154	100	0.135135
154	101	0.315789
154	102	0.363636
154	103	0.483516
154	104	0.525974
154	105	0.732323
154	106	0.796296
154	107	0.855292
154	108	0.751479
154	109	0.746141
154	110	0.742301
154	111	0.793303
154	112	0.761364
154	113	0.641997
154	114	0.65127
154	115	0.429257
154	116	0.190096
154	117	0.12199
154	118	0.0493066
154	119	0.0535433
154	120	0.0412621
154	121	0.171053
154	122	0.0517241
154	123	0.0754717
154	124	0.0555556
155	91	0.25
155	92	0.5
155	93	0.666667
155	94	0.571429
155	95	0.8
155	96	0.4
155	97	0.294118
155	98	0.4
155	99	0.368421
155	100	0.48
155	101	0.689655
155	102	0.772152
155	103	0.773973
155	104	0.806584
155	105	0.804688
155	106	0.806452
155	107	0.779614
155	108	0.789352
155	109	0.713775
155	110	0.772206
155	111	0.797659
155	112	0.715385
155	113	0.631466
155	114	0.506289
155	115	0.351648
155	116	0.297398
155	117	0.131343
155	118	0.083004
155	119	0.0566667
155	120	0.0694444
155	121	0.0588235
155	122	0.0666667
156	92	0.75
156	93	0.857143
156	94	0.714286
156	95	0.666667
156	96	0.529412
156	97	0.692308
156	98	0.56
156	99	0.702703
156	100	0.605263
156	101	0.660377
156	102	0.847059
156	103	0.873016
156	104	0.820106
156	105	0.802817
156	106	0.776173
156	107	0.756098
156	108	0.786223
156	109	0.816364
156	110	0.757895
156	111	0.82619
156	112	0.531062
156	113	0.703947
156	114	0.685446
156	115	0.475
156	116	0.425
156	117	0.219512
156	118	0.111842
156	119	0.0454545
156	120	0.018018
156	121	0.0153061
156	122	0.00625
156	123	0.0294118
157	90	0.333333
157	92	0.7
157	93	0.818182
157	94	0.727273
157	95	0.6875
157	96	0.5
157	97	0.619048
157	98	0.564103
157	99	0.4
157	100	0.526316
157	101	0.621212
157	102	0.644444
157	103	0.794118
157	104	0.721429
157	105	0.84058
157	106	0.82996
157	107	0.80654
157	108	0.82398
157	109	0.833333
157	110	0.852814
157	111	0.561331
157	112	0.619497
157	113	0.617647
157	114	0.608295
157	115	0.472081
157	116	0.228758
157	117	0.211382
157	118	0.0350195
157	119	0.0397351
157	122	0.0138889
157	123	0.0175439
158	90	0.8
158	91	0.8
158	92	0.866667
158	93	1
158	94	0.6
158	95	0.588235
158	96	0.368421
158	97	0.611111
158	98	0.435484
158	99	0.723077
158	100	0.692308
158	101	0.842105
158	102	0.638889
158	103	0.837209
158	104	0.754967
158	105	0.794118
158	106	0.798995
158	107	0.814433
158	108	0.788991
158	109	0.919325
158	110	0.899103
158	111	0.864935
158	112	0.751196
158	113	0.718391
158	114	0.736
158	115	0.463918
158	116	0.41791
158	117	0.235294
158	118	0.0684932
158	119	0.0833333
158	123	0.0909091
159	88	0.5
159	89	1
159	90	1
159	91	0.75
159	92	0.833333
159	93	0.7
159	94	0.571429
159	95	0.413793
159	96	0.732143
159	97	0.645161
159	98	0.705882
159	99	0.836538
159	100	0.769231
159	101	0.838095
159	102	0.713333
159	103	0.8125
159	104	0.730769
159	105	0.777143
159	106	0.838384
159	107	0.856589
159	108	0.835777
159	109	0.877285
159	110	0.837456
159	111	0.82
159	112	0.74359
159	113	0.69697
159	114	0.65625
159	115	0.397059
159	116	0.403846
159	117	0.23913
159	118	0.0217391
159	119	0.2
160	88	1
160	89	1
160	90	0.875
160	91	0.941176
160	92	0.777778
160	93	0.821429
160	94	0.765957
160	95	0.721519
160	96	0.767241
160	97	0.764706
160	98	0.864078
160	99	0.765625
160	100	0.868966
160	101	0.766917
160	102	0.74026
160	103	0.836735
160	104	0.759358
160	105	0.810573
160	106	0.901695
160	107	0.892086
160	108	0.932817
160	109	0.965116
160	110	0.907473
160	111	0.832258
160	112	0.755245
160	113	0.676471
160	114	0.666667
160	115	0.511628
160	116	0.28125
160	117	0.333333
160	119	0.0666667
161	85	1
161	89	0.75
161	90	0.583333
161	91	0.6
161	92	0.722222
161	93	0.689655
161	94	0.688525
161	95	0.816901
161	96	0.878378
161	97	0.866667
161	98	0.911504
161	99	0.758427
161	100	0.758621
161	101	0.788321
161	102	0.695364
161	103	0.798658
161	104	0.863354
161	105	0.829016
161	106	0.928994
161	107	0.878261
161	108	0.9
161	109	0.916667
161	110	0.888
161	111	0.825688
161	112	0.673077
161	113	0.783333
161	114	0.517857
161	115	0.555556
161	116	0.214286
161	117	0.111111
162	88	1
162	89	0.666667
162	90	0.818182
162	91	0.882353
162	92	0.75
162	93	0.939394
162	94	0.869565
162	95	0.905405
162	96	0.931373
162	97	0.95
162	98	0.873096
162	99	0.778761
162	100	0.849057
162	101	0.810345
162	102	0.877193
162	103	0.851163
162	104	0.913265
162	105	0.924
162	106	0.918782
162	107	0.863946
162	108	0.847682
162	109	0.906977
162	110	0.837398
162	111	0.724138
162	112	0.725806
162	113	0.744681
162	114	0.636364
162	115	0.210526
162	116	0.0769231
163	86	1
163	87	0.333333
163	88	0.666667
163	89	0.833333
163	90	0.916667
163	91	0.583333
163	92	0.921053
163	93	0.927536
163	94	0.973451
163	95	0.950413
163	96	0.948864
163	97	0.927419
163	98	0.951456
163	99	0.872727
163	100	0.822034
163	101	0.86747
163	102	0.898438
163	103	0.908451
163	104	0.917808
163	105	0.904762
163	106	0.917476
163	107	0.856115
163	108	0.876033
163	109	0.793478
163	110	0.721519
163	111	0.686275
163	112	0.612245
163	113	0.348837
163	114	0.315789
163	115	0.388889
163	116	0.176471
163	117	0.0714286
164	82	1
164	86	1
164	87	1
164	88	1
164	89	0.833333
164	90	0.5
164	91	0.557377
164	92	0.943262
164	93	0.956989
164	94	0.917808
164	95	0.832117
164	96	0.962963
164	97	0.856322
164	98	0.939394
164	99	0.898204
164	100	0.925532
164	101	0.929825
164	102	0.917098
164	103	0.922156
164	104	0.95082
164	105	0.965368
164	106	0.880952
164	107	0.878261
164	108	0.746835
164	109	0.80303
164	110	0.684211
164	111	0.62963
164	112	0.382353
164	113	0.208333
164	114	0.3
164	115	0.285714
164	116	0.0769231
165	85	0.5
165	86	0.5
165	87	0.416667
165	88	0.4
165	89	0.615385
165	90	0.507042
165	91	0.680556
165	92	0.95679
165	93	0.959184
165	94	0.967742
165	95	0.988439
165	96	0.981595
165	97	0.904
165	98	0.992063
165	99	0.87234
165	100	0.911504
165	101	0.975155
165	102	0.984252
165	103	0.957983
165	104	0.970588
165	105	0.929412
165	106	0.911765
165	107	0.688312
165	108	0.78481
165	109	0.509804
165	110	0.54902
165	111	0.384615
165	112	0.206897
165	113	0.25
165	114	0.08
165	115	0.166667
165	116	0.0526316
165	117	0.125
166	83	0.2
166	84	1
166	85	1
166	87	0.5
166	88	0.230769
166	89	0.714286
166	90	0.638889
166	91	0.781818
166	92	0.928105
166	93	0.933333
166	94	0.939394
166	95	0.934211
166	96	0.934066
166	97	0.899281
166	98	0.944444
166	99	0.87931
166	100	0.933333
166	101	0.9375
166	102	0.979592
166	103	0.933962
166	104	0.92
166	105	0.897959
166	106	0.741379
166	107	0.772727
166	108	0.72549
166	109	0.696429
166	110	0.461538
166	111	0.40625
166	112	0.388889
166	113	0.08
166	114	0.0833333
166	115	0.166667
166	117	0.166667
167	83	1
167	84	1
167	85	0.666667
167	86	0.5
167	87	0.32
167	88	0.263158
167	89	0.634615
167	90	0.882353
167	91	0.822581
167	92	0.84
167	93	0.876033
167	94	0.886792
167	95	0.992366
167	96	1
167	97	0.897436
167	98	0.753247
167	99	0.9375
167	100	0.970588
167	101	0.974026
167	102	0.95614
167	103	0.958333
167	104	0.980583
167	105	0.833333
167	106	0.795455
167	107	0.830769
167	108	0.756757
167	109	0.707317
167	110	0.56
167	111	0.222222
167	112	0.222222
167	113	0.047619
167	114	0.294118
168	84	1
168	85	0.5
168	86	0.5
168	87	0.186047
168	88	0.846154
168	89	0.392157
168	90	0.927273
168	91	0.825397
168	92	0.818182
168	93	0.893939
168	94	0.837838
168	95	0.99115
168	96	0.977011
168	97	0.73913
168	98	0.949367
168	99	0.992424
168	100	0.945652
168	101	0.990291
168	102	0.91129
168	103	0.914634
168	104	0.933884
168	105	0.90566
168	106	0.88
168	107	0.828571
168	108	0.857143
168	109	0.84
168	110	0.4375
168	111	0.285714
168	112	0.0625
168	113	0.0952381
168	114	0.125
168	115	0.125
169	81	1
169	86	0.0857143
169	87	0.7
169	88	0.933333
169	89	0.520833
169	90	0.707317
169	91	0.962963
169	92	0.857143
169	93	0.906977
169	94	0.944444
169	95	0.970588
169	96	0.848485
169	97	0.9
169	98	0.974026
169	99	0.982456
169	100	0.963636
169	101	0.941176
169	102	0.923077
169	103	0.960526
169	104	0.975309
169	105	0.906977
169	106	0.77193
169	107	0.867925
169	108	0.785714
169	109	0.522727
169	110	0.153846
169	115	0.181818
170	84	0.333333
170	86	0.166667
170	87	1
170	88	0.75
170	89	0.625
170	90	0.928571
170	91	0.944444
170	92	0.941176
170	93	1
170	94	0.75
170	95	0.947368
170	96	0.945946
170	97	1
170	98	0.84127
170	99	0.970149
170	100	0.888889
170	101	0.957143
170	102	0.913043
170	103	0.961538
170	104	0.95122
170	105	0.558824
170	106	0.727273
170	107	0.692308
170	108	0.666667
170	109	0.615385
170	110	0.133333
170	112	0.111111
171	86	1
171	87	0.666667
171	88	0.636364
171	89	0.571429
171	90	0.875
171	91	0.833333
171	92	0.857143
171	93	0.954545
171	94	1
171	95	0.967213
171	96	1
171	97	0.971429
171	98	0.945455
171	99	0.955224
171	100	0.902439
171	101	0.983051
171	102	0.963636
171	103	0.9375
171	104	0.978723
171	105	0.96
171	106	0.875
171	107	0.852941
171	108	0.769231
171	109	0.55
171	110	0.230769
171	112	0.25
171	116	0.0769231
172	86	0.5
172	87	0.2
172	88	1
172	89	0.4
172	90	0.9
172	91	1
172	92	1
172	93	0.95
172	94	0.9375
172	95	0.916667
172	96	0.972973
172	97	0.923077
172	98	0.96
172	99	0.977273
172	100	0.933333
172	101	0.727273
172	102	0.833333
172	103	0.833333
172	104	0.857143
172	105	0.684211
172	106	0.826087
172	107	0.75
172	108	0.857143
172	109	0.583333
172	110	0.4375
172	111	0.1
173	87	1
173	88	1
173	90	1
173	91	1
173	92	1
173	93	1
173	94	1
173	95	0.857143
173	96	0.894737
173	97	0.913043
173	98	0.909091
173	99	0.769231
173	100	0.75
173	101	0.7
173	102	0.666667
173	103	0.909091
173	104	0.714286
173	105	0.571429
173	106	0.583333
173	107	0.625
173	108	0.238095
173	109	0.5
173	110	0.25
173	111	0.111111
174	92	0.333333
174	93	0.714286
174	94	0.9
174	95	1
174	96	1
174	97	0.904762
174	98	0.909091
174	99	0.941176
174	100	0.909091
174	101	0.444444
174	102	0.875
174	103	0.666667
174	104	0.166667
174	105	0.666667
174	106	0.875
174	107	0.866667
174	108	0.4375
174	109	0.571429
174	110	0.0666667
174	111	0.1
175	93	1
175	94	1
175	95	0.923077
175	96	1
175	98	0.5
175	99	1
175	100	0.333333
175	101	0.25
175	102	0.8
175	103	0.666667
175	104	1
175	105	0.666667
175	106	0.636364
175	107	0.25
175	109	0.461538
175	110	0.2
176	92	1
176	93	1
176	94	1
176	95	0.5
176	97	1
176	99	0.333333
176	100	0.6
176	101	1
176	102	0.625
176	103	0.25
176	104	0.8
176	105	0.25
176	106	1
176	107	0.545455
176	108	0.0588235
177	92	1
177	95	1
177	100	0.333333
177	101	0.2
177	102	0.333333
177	103	0.25
177	104	0.25
177	105	0.333333
177	106	0.363636
177	107	0.571429
177	108	0.125
178	92	1
178	107	0.0322581
178	108	0.05
178	109	0.0625
178	110	0.5
180	109	0.0909091
